10000 7577
2896 2645 7844 1837 5471 2658 130 506 8791 9153 9954 7191 4288 7625 7120 1421 9261 2132 2092 542 
2123 7830 8605 1235 812 7534 7046 5447 6837 5802 537 8723 6629 8544 6602 6809 8039 6987 3589 6821 
2569 1251 6419 3920 110 7456 7432 8567 2753 4223 3088 3756 4636 6 6108 3291 983 9605 1671 1136 
3764 61 9423 9047 8363 1510 9872 1284 834 9964 2050 8692 6303 217 374 9875 849 1993 3116 4975 
5100 4921 2138 6557 2067 3617 7960 6955 7898 7812 927 3190 9132 854 4211 1133 235 8862 1566 21 
2231 188 3440 527 3889 5324 6660 2119 736 5035 9892 3373 7380 3641 1503 9273 1624 6928 4170 395 
2477 981 2693 7857 5157 6956 1855 6781 6733 8720 6141 3382 3807 4516 9847 8718 1575 7715 1731 3315 
9972 6943 5943 170 3025 1048 9529 2297 325 8155 1673 8227 1832 877 929 4218 2791 2008 6235 9775 
3001 2150 3060 7326 6947 3595 288 1641 3496 8712 4286 8961 4725 3564 6381 3756 3357 8606 7871 1619 
8385 4841 4333 4283 1586 8375 2907 6951 8953 5137 926 7580 6535 389 635 645 6232 9098 6241 4120 
6142 9808 4634 152 971 4539 478 3436 4815 6258 8729 8832 1987 19 2942 1611 6324 7289 908 8033 
2068 960 6432 2410 7182 6552 490 9427 4985 8184 3348 1891 8351 1605 865 5280 2350 532 4435 6035 
654 284 7616 2825 7124 512 7989 2475 214 539 1595 7809 4832 652 7417 163 9911 2853 2026 8128 
797 4574 1409 978 9620 2111 8842 6641 2309 462 9683 2055 323 2678 3355 852 220 6937 6889 8356 
9776 1222 8336 2221 3141 9182 1010 8717 7578 2756 5186 9572 9995 244 9919 1085 6260 6742 6046 1059 
4730 4274 3510 1218 7318 4533 2546 235 1971 2629 8450 4412 6650 9842 8884 1743 9931 7006 5730 6866 
5391 7758 1531 8343 2108 8193 5302 2829 777 5552 7731 8190 531 8471 8437 9690 5791 1588 638 6661 
1808 7485 6713 7788 363 6006 1534 3518 5801 2835 9793 8152 3678 603 4860 2929 6472 2446 3678 7112 
6953 8776 6932 1594 6601 5046 1143 5625 5013 2520 8086 3113 7900 2424 7109 2077 5564 2267 9590 6449 
6697 7477 1111 8105 7886 3138 7821 9114 5623 818 5328 8519 1997 8516 2758 3824 4099 7014 2468 6390 
6610 5116 1426 945 2688 9391 4767 2853 9254 280 5205 7810 3457 1694 8989 396 5816 4620 838 8283 
832 9382 7459 8083 5469 8749 403 4102 4619 1184 8485 3032 7324 7334 7738 4340 1810 8586 1741 2142 
8014 182 1073 7704 6730 35 5195 6216 5925 6176 4880 7418 413 2465 6975 6050 2049 9162 2834 6181 
2327 5388 3889 5817 9020 9006 183 314 2410 1232 7017 1182 4623 141 437 9067 3132 3615 8423 439 
714 9111 2530 801 340 3724 7709 1886 1537 8547 3563 9414 6288 2945 8608 9760 8682 142 9696 3179 
3138 7882 6506 4895 8672 9572 5382 435 782 9032 1531 7152 1650 2136 8612 3846 1934 6767 4884 7038 
6084 3106 2183 1519 8142 6504 1194 789 5645 5387 526 1151 4144 6271 5817 2952 2104 6995 7470 408 
1001 1142 7070 9659 1476 3068 6799 2035 1411 4529 8956 3866 2963 6445 6061 4746 2729 1432 5432 4048 
7135 6799 232 9742 1550 3464 1949 1472 3056 5571 2644 5954 4918 4130 1753 480 3591 5434 5770 8142 
2026 8202 4541 9481 7334 6812 1413 5246 3624 9658 3729 9433 2726 5538 9686 64 210 7549 7134 3025 
944 1404 4624 1337 6859 7668 1986 8583 9284 9100 3053 8849 8541 4 416 4677 6709 7096 2232 930 
1445 1365 6494 7752 7115 8476 7536 3293 2020 7637 2229 9394 8608 4165 7675 6422 9888 2451 1108 2153 
9427 6871 9489 8131 8914 404 588 4997 3720 7592 284 3616 7238 530 2757 4566 2886 8819 8511 8974 
6542 8328 553 4347 8471 4775 6604 9439 1343 7431 9380 8588 12 661 8157 5563 5378 6437 2154 6897 
3350 6006 1724 2415 6324 6616 8480 9113 2206 5490 7882 6713 3142 783 5122 5332 847 7721 7836 3149 
4526 890 3996 4505 2150 8094 3753 787 8901 621 5745 1585 1241 4679 2173 2039 2759 8416 2087 9850 
5133 6511 4233 8951 7158 4418 7576 1781 3934 436 7265 4217 7015 6594 9075 201 7611 3130 1517 1810 
1954 9268 617 3949 9847 597 6105 32 2102 4674 8929 7218 4073 4547 6693 3729 5428 2440 2020 6807 
9981 2224 2405 1065 6816 9335 8433 722 2209 2671 7234 9472 211 2483 186 862 2281 8152 8535 9538 
1419 6229 8518 5335 2091 7973 7701 4685 761 3546 2253 5504 7428 2564 1312 6023 4513 2162 47 2029 
2417 2728 9999 1909 9150 322 333 5642 4006 6376 560 997 8204 6642 4526 307 6299 8734 241 2757 
236 5759 6235 4953 1530 2808 7048 8713 8356 7450 1588 371 9827 9483 6685 8393 4684 472 3865 826 
5608 1707 8283 5985 6994 3264 5858 4684 7233 1717 6146 7248 4135 9824 6087 3146 8201 1718 7063 4361 
3632 296 2120 7371 1150 6528 242 5493 6997 5038 518 8167 21 5228 3888 3374 3829 7240 2808 236 
7780 6451 6719 7525 2544 277 6392 60 167 2691 1045 1022 4364 6820 5940 2172 5452 2097 2473 911 
7777 987 4189 5863 3607 8193 5639 405 717 5201 5371 5177 5950 2639 416 1326 5984 5445 8663 7653 
3581 9306 4760 9584 545 2469 8735 4832 6915 6291 1879 4112 1912 2472 1237 1332 4003 963 4041 4380 
8401 340 464 2477 4869 3554 2398 3682 9247 9144 5802 8799 6947 4241 4522 3766 6439 5412 5889 2926 
4844 2161 1350 1233 8561 8508 6646 1204 5044 4073 1213 8204 1899 1337 9169 3247 7250 3716 4976 5225 
3093 1752 5947 1120 5585 5888 2722 8426 2278 7608 2482 4942 3663 1856 4317 168 5621 8064 3401 8561 
7377 2699 7051 7614 6657 3431 2261 8887 6461 3980 2702 4955 2554 1898 8625 5922 1006 8976 9529 7411 
9797 2042 2219 1352 2916 7707 1988 9951 2492 6668 5877 5697 2305 9427 4764 8408 700 7351 213 8941 
989 5378 6208 9168 8629 9241 293 6492 4307 8409 8421 1241 2238 2722 6803 9076 4498 6680 8884 2444 
7310 8103 2610 9662 717 8711 871 1988 2484 7616 7656 4937 8908 8048 6671 6992 6591 4458 9870 5334 
8937 3730 6193 500 8807 1911 9331 4250 5427 3151 5604 6809 4179 2713 7369 2879 4158 7951 9668 888 
1968 9771 6150 3155 3408 7835 8578 5923 4912 6488 7668 8631 6229 4659 178 301 217 8433 7058 4994 
3373 6137 524 3340 1474 3563 2545 8060 985 6420 1532 6638 3385 383 4183 8019 1106 2462 9730 6289 
9104 825 3696 4553 9874 22 3794 2426 8683 6601 9704 340 57 9294 868 2399 6308 277 2994 1597 
2985 5261 150 4669 1400 4277 9940 5937 2666 8751 2933 8483 7879 8453 7656 483 1447 1584 8232 3188 
2391 4519 3917 6840 623 6453 3333 7177 1761 735 500 9098 8756 8564 6986 477 483 69 5764 8070 
6640 2006 5381 5727 1452 6918 647 253 4875 7452 7996 7268 1027 1314 506 9191 2566 551 1767 930 
721 3839 3776 9851 7556 5054 9584 2390 8306 166 3696 3720 9467 3868 9274 9614 1545 9249 8994 6912 
9207 4208 903 9408 5785 4371 9974 2375 8504 7467 9488 818 972 2288 5693 664 8223 2565 6033 7104 
1279 9696 2702 9712 7172 8921 4586 1801 1380 2272 7651 2722 5843 4772 5312 9953 1055 4866 9753 6753 
635 2186 1434 8529 105 9800 8820 2025 254 7409 4964 5843 5617 348 5912 6551 9204 8084 2911 9542 
4614 1067 1265 860 9607 2241 2895 9312 1038 4997 1436 2974 1816 5404 316 8583 7218 5584 5420 8103 
9960 6698 1090 967 2431 4834 6150 1187 6288 7990 3617 159 7478 42 6948 7558 6603 1583 1405 6260 
3133 5223 9078 2596 7255 4152 9390 3868 1837 2639 9149 584 7079 8790 9666 7668 5410 6889 5934 2558 
8115 7142 6614 6571 6638 788 3205 7193 9126 709 833 2404 3478 2558 8127 9165 7279 2870 7993 104 
531 7757 3359 2069 929 2848 6492 5666 8674 5738 1946 1583 8420 8685 5128 7297 3028 6993 5467 587 
9057 9404 19 3882 2479 3971 6496 2672 7338 8943 8772 5843 8603 5988 1099 2679 5952 9278 680 1353 
614 2701 5025 7325 1594 3170 8463 8155 785 602 1630 6085 629 9323 3884 6269 3745 1293 6256 2325 
7998 8859 9384 9702 4559 3401 2344 7908 1705 2057 1887 5650 1128 6281 8476 9138 1614 8558 929 3328 
3853 9047 3751 2944 1495 5067 9587 1365 7924 3541 6407 3779 2180 6513 3563 5895 9477 9863 1230 774 
103 5336 8616 5075 6078 4310 2530 1749 3112 4681 5688 9832 9376 1855 8045 2403 594 5875 5904 410 
8864 4594 5646 212 692 442 3895 7008 9335 7956 6054 3507 6481 3443 1611 1749 2833 8413 8811 2942 
304 1546 3675 7515 3234 5739 3192 2149 8589 92 6619 3636 7452 8285 9595 7407 6694 2125 2436 151 
9915 2360 3110 2021 7454 9812 465 5089 4729 2934 4176 8645 8062 6570 9139 9057 2810 9506 2033 1856 
1887 1774 4365 7947 7778 2237 5273 4204 5697 6611 2856 806 5737 7708 7321 4211 5831 8049 8081 5646 
2142 6008 6871 4002 8073 3504 2406 2738 6993 221 4335 4875 8625 4080 6781 2007 2664 635 2157 355 
3870 196 9373 51 4523 728 532 1653 1237 6402 2371 4035 5880 2332 4843 6141 2682 1813 8814 6902 
3407 435 6794 6542 987 347 7588 2848 4743 383 2193 7596 9734 9975 6747 6264 1031 867 7057 675 
3949 528 96 3706 6558 9321 193 1406 3817 5600 2547 8261 8412 9261 8571 5873 9045 5782 3816 5870 
1543 2176 412 1343 1391 8757 280 8956 5991 1366 2599 1285 6602 7954 8559 3706 5225 8184 7491 7053 
6830 842 2796 8056 4336 4067 7448 9404 7990 5770 3043 1001 5935 503 2614 8997 369 3989 8590 2167 
1633 6488 5327 5475 6946 6386 2840 379 9969 3921 5464 627 3889 8154 369 1429 3314 6012 6444 1815 
8136 7566 6157 6538 5689 8107 456 7172 7782 4992 9140 1072 8926 1522 336 1685 2319 8165 9635 1204 
2078 9787 9768 7814 2281 3865 1082 3590 7916 7281 9964 2538 2145 5835 1821 6375 8379 8757 6361 6165 
9860 1261 8867 3681 4805 12 1346 4803 3479 277 649 6495 9880 62 220 6287 9952 7871 1296 7041 
2212 2777 2114 221 7802 5417 7547 1706 318 12 5842 3793 5188 6933 9090 2529 3248 9293 77 1701 
771 9882 8129 1091 4902 2819 1867 2935 1660 5779 1754 5424 4547 2269 3925 4424 779 7487 1391 2089 
1018 4921 2409 6014 3007 783 6137 6824 4197 7725 2410 2931 9658 476 404 3736 177 1618 1149 1092 
54 5070 7136 2441 9232 2708 3357 2227 1867 1701 6417 9918 4262 3092 8200 774 2138 8996 2416 7535 
3565 4694 8384 6566 7958 6801 1881 3239 242 6578 1435 8848 8437 7863 2043 7398 9317 375 5299 4391 
5908 1285 7306 4880 5340 9620 7814 767 2064 2396 8112 6764 7072 605 4967 1588 6909 1636 9208 8470 
8366 3308 5788 2434 4163 3687 546 6893 6584 2573 4334 890 9468 2404 9282 566 8274 6161 2780 9603 
6311 9214 6720 6680 8102 1357 8824 3430 1801 1771 7881 6670 6560 1208 1432 5601 8006 9478 5565 1432 
9858 2095 6438 918 7628 5869 2575 7866 3057 2628 1553 7337 1833 2323 585 5051 7078 4939 6314 5045 
5807 2030 6709 5143 5567 6237 8056 3015 7560 4043 7796 3278 1163 8293 2820 7345 1660 2662 6267 499 
1185 9957 6749 1545 700 9234 4289 6942 394 6530 5189 295 2762 8487 2275 4026 402 1539 6739 4091 
3838 9134 6784 8599 1259 6006 6079 565 2420 7335 2749 7785 8426 7340 3449 3483 4569 404 1266 1319 
1480 6168 2898 2262 6081 3547 4475 1821 2050 7891 8257 4693 7443 2840 7080 859 5178 3867 5743 9112 
3115 5689 2190 1876 979 7759 8124 855 215 2624 5492 1680 4201 1077 6584 3241 1531 9797 6518 4330 
231 485 3082 9901 4094 8961 9317 6354 6687 7067 1037 1812 378 9859 8069 4988 4854 7993 6942 581 
7840 5631 1485 7119 6693 3346 7551 7512 5537 4458 7691 5719 6169 9376 3079 5707 4630 400 4670 9748 
5523 751 8112 2864 4890 6623 4410 473 9257 304 5767 1565 8922 1033 9847 2334 5827 5015 4032 5802 
1340 2165 9522 222 2591 7341 2575 1159 2245 238 7627 3001 5694 6623 48 3988 7984 8466 4085 8979 
4901 3516 4624 9159 8366 613 6185 4852 9981 4683 1186 2521 8369 2188 5156 7670 963 8179 7291 7913 
785 658 5988 6442 7176 178 6854 3352 8887 4215 7743 3986 1234 9175 464 2395 3428 5259 7724 2264 
729 9207 6637 6828 107 5671 2744 726 5947 2251 945 7913 914 9557 5330 3229 1449 2400 2696 5572 
870 99 3807 7343 9207 8150 2704 7825 6484 8805 3927 3300 2224 6466 6633 1563 7920 9471 2054 4888 
4784 8173 348 6784 6722 3935 76 6587 1496 834 6977 7248 3396 5297 9549 960 8510 6804 9382 2913 
5030 6952 8642 1215 3514 8133 2655 4318 8298 6780 2326 8483 2378 48 305 6596 1880 967 9658 8109 
3502 5744 486 8660 2746 8087 2786 2351 7565 5286 1004 7108 1681 2815 2422 7633 3455 6904 7574 3597 
5615 965 7185 5439 7904 4076 7018 1406 9643 6933 9589 6681 3459 6721 8177 2072 5856 1389 1877 9090 
9069 2007 2234 9072 8638 4144 2970 7010 6870 962 3959 9889 6600 2803 5262 2516 2044 3643 9150 4487 
9460 3826 8692 2329 559 1614 7465 6196 9246 1068 8494 4355 6150 1933 2966 1151 1525 8867 2998 6634 
7320 2283 4072 5664 7564 7709 8502 9306 1444 6994 6757 5557 7595 9974 6335 9603 2730 6526 2694 1729 
4556 4860 7622 4152 1744 5520 1722 439 14 6785 2994 9393 2638 9404 1571 4307 8245 5740 2160 5465 
7025 2332 9592 8018 8200 6649 2431 4193 6636 1354 5137 277 1313 5140 2020 7323 1986 7017 3950 7714 
2737 2338 7831 5471 3853 813 2576 1187 5193 1592 2036 1786 2907 4414 4334 2788 7778 6993 2971 1850 
8748 7018 225 969 1398 1693 3296 1075 4517 6160 7560 2967 6837 7373 1852 3421 6272 7093 4598 6422 
5618 2904 10 6355 3018 9027 4591 4469 7955 1561 1723 1157 435 2693 318 9382 4580 8942 835 7143 
8481 2012 4626 5405 8419 3914 8249 161 1166 1549 381 5510 1845 3652 5739 93 8949 209 6435 6876 
5473 8311 8536 9068 5641 1347 3009 2002 208 1488 4564 1169 8990 9126 6915 6222 4868 3091 759 1604 
6846 4045 4061 4233 253 758 2190 5057 9334 5792 1795 273 4965 7075 1033 4294 1510 6974 4513 71 
2757 5802 3259 552 5428 3077 356 7521 2525 8974 9197 3103 4825 9932 6702 9289 8945 3011 5643 597 
1539 9097 598 4140 647 7862 5686 4987 1153 1819 742 4044 122 2997 704 6596 3147 3234 572 6158 
9017 1971 8387 4536 5351 1122 9065 9356 4536 9382 5691 6131 4437 2772 4165 2709 1854 5320 3975 8291 
260 9157 7305 824 1478 7129 6764 7901 6234 7220 4579 5437 8159 971 2002 8617 176 5016 6070 2332 
9835 708 9701 2209 99 4952 3511 5588 8580 1504 6229 2486 9413 6050 1201 6533 2194 1357 4614 8667 
5818 6452 4625 5110 7814 1197 1489 6424 8092 2806 7867 2560 7235 5240 1121 6681 4871 2030 6580 2673 
7631 7575 7783 1452 9005 7818 1894 3738 7222 6250 2439 5927 691 7834 7119 6913 9271 5282 1608 9103 
2786 2243 466 832 1477 8632 6712 5762 3831 2493 5476 308 6472 7636 2822 3598 5396 6342 5776 6991 
3866 2551 2806 9543 2221 7597 5396 6262 3402 6034 3200 629 523 8264 2338 2692 7964 8412 8241 8499 
6333 9246 2000 5749 4919 432 3304 8466 3682 3454 3400 4524 85 7341 7755 7748 4975 4694 6953 3326 
8967 5364 2112 578 767 668 1652 4596 1679 5053 9092 1238 2159 2825 7647 3772 5139 2115 4503 8433 
462 5849 5013 6553 657 3411 942 3302 9491 4636 8981 1951 7077 897 272 1357 7254 9208 3503 7752 
5493 8131 426 4226 901 949 8074 2834 9958 7940 7771 3172 1073 7407 7792 2510 3780 8194 1032 102 
3343 8424 1136 2434 1198 6592 153 8208 6920 5731 1611 7048 7399 4629 1177 9471 2585 3434 3095 605 
9014 6108 6698 721 2355 1338 3072 5507 7 8226 5536 9338 76 6385 8930 2592 8216 6586 3073 9202 
972 2038 464 2124 4973 1708 9132 117 1505 5586 4992 3975 5372 6690 9262 7490 9884 1871 4653 3408 
6706 2986 9742 3340 1970 8800 5876 1151 1836 9655 5362 780 2124 6489 407 765 6447 8399 2616 2140 
3463 962 2973 9046 8912 2702 8447 1645 5204 1497 7727 526 7436 6594 2251 1731 2809 8045 4109 6057 
882 4750 6660 3908 3518 1235 1479 8273 2404 8375 3271 1580 225 6917 404 2836 7402 730 547 2492 
4131 3726 9951 2083 2575 5044 2206 6966 648 9215 997 4468 2065 2695 7150 3459 875 1149 6184 6401 
8549 2716 7744 2845 5064 4592 7583 5415 6497 3068 2404 9398 3984 326 3140 3592 7617 4501 7599 2639 
1208 1198 8068 2762 4451 6187 5864 6065 3115 430 1187 3350 2939 5445 4299 7640 2755 3390 7270 9465 
1439 9420 6937 98 2516 2394 6038 1478 1483 5776 8662 4101 18 6676 8243 6530 4990 6402 9610 2262 
5125 8767 7311 9302 1516 4154 8977 6035 1276 965 847 7953 2586 3059 7611 2394 55 6514 7086 4147 
4373 4314 4476 608 1339 1046 6906 5044 219 5315 5741 2651 6066 6871 5076 5355 5344 9381 1129 935 
5641 1533 7700 7527 955 8505 8433 6917 4593 4757 8883 3689 9911 5742 7432 8711 2638 1807 1903 2327 
4562 3383 4920 5126 6603 2015 1931 7355 2305 9067 7883 5309 9603 7568 5836 1283 4378 6613 9491 9899 
1161 1292 3725 6943 6840 4786 4931 564 1186 1941 4172 8853 331 166 3891 1489 598 4191 5019 368 
9237 3031 2448 7723 114 9795 2960 4301 1342 5647 8650 4868 3529 5774 837 4428 3489 9118 5988 1151 
1918 9920 8184 8773 6653 5399 4407 834 8955 9950 5644 5905 1494 1262 4111 2347 8398 2736 3703 877 
9921 1281 7084 9256 1431 6116 3602 8650 6075 8284 1859 3822 2347 777 1500 991 3314 7922 9835 2323 
8548 6869 2039 1926 3386 2859 9936 3412 9951 1935 9625 8987 8841 6592 9283 2255 8876 4021 7868 5792 
5931 6465 2648 3690 7649 6104 9678 860 2448 6752 5783 9019 4984 779 9362 8375 3273 9860 4764 749 
700 3960 1982 5823 6415 3767 3047 9730 5840 4986 875 4022 9516 792 1772 2539 40 7444 9673 178 
4080 1081 6708 5745 2606 1305 2472 1644 173 8945 2282 4256 3614 6401 8959 3329 6075 700 3951 9303 
3802 9995 9560 724 101 1958 7654 6681 472 2901 2594 2730 7818 9204 7609 1231 2799 6326 5918 4573 
8221 5899 9490 2196 7629 7877 131 7129 9141 7159 6419 4199 5748 3823 554 9730 9917 1910 7567 8029 
8632 1605 4787 8748 1157 9594 1262 8732 7379 1979 110 1986 1136 4986 8397 5665 417 2490 306 9296 
2052 2017 2651 8779 628 2271 4650 4088 5245 6158 6557 4093 2945 3706 6755 4913 3947 2594 2059 9872 
5201 6495 8991 7923 3295 4037 7089 3055 6690 3673 5685 3884 8065 2626 5392 1929 1667 9394 9567 3294 
7485 3158 8522 5219 571 7612 3162 7119 6690 8725 9401 9107 8323 5291 6826 104 8658 3829 9737 3894 
8823 3113 2163 1399 3861 9905 697 907 2521 5809 2721 1597 8693 3239 2366 1813 5710 2756 8369 6016 
6707 3146 5999 6493 303 3111 8645 1001 9073 9777 8282 7774 9001 754 9796 1559 1237 487 3470 5799 
2190 7619 5688 1387 7741 4137 303 2653 2994 7897 895 394 1974 5658 7878 9382 1742 2954 8106 3999 
8739 1938 2446 4351 5376 7566 3873 3302 6044 107 856 6759 1801 1953 2509 9809 6924 995 7863 3809 
1326 8980 4492 3799 50 3469 1605 726 3672 1613 8561 4464 6977 5008 6332 4417 4836 1075 5537 4778 
321 7446 8846 2306 5060 5266 3079 5992 8123 3598 6653 2491 5580 4045 1537 1757 6385 8426 7060 4614 
8629 1367 5824 2517 3764 6626 3516 6060 5773 1529 3932 7821 5691 287 1208 8255 8869 1200 830 9974 
5571 9137 6058 5970 434 6619 6869 5174 1545 7018 7435 6892 653 1057 1569 3655 3122 3536 9191 201 
5315 8505 6827 9014 1667 6591 7790 1560 1637 5488 2283 6549 4153 3909 6005 8814 5465 1255 6720 777 
1219 8676 6467 4545 8055 7778 8236 892 2499 9892 6324 8894 9325 4299 4453 8621 4577 6190 8985 6468 
6044 2124 6421 1419 1112 9921 5270 9495 2824 9064 2554 7902 3447 9169 1203 7390 6812 9651 4119 9230 
1697 4483 8427 5957 7940 7766 3970 6122 4173 9091 8496 2827 2433 588 1924 7810 3271 1054 4870 3781 
5097 1111 4460 3405 1389 7208 9235 2537 2708 3052 9980 9044 98 9048 2325 1876 4496 8786 3930 213 
9791 7175 7804 6085 6494 9687 1633 9857 877 3060 203 272 1906 3324 7757 590 6092 6146 1468 8236 
263 916 739 998 512 8888 3689 8901 6601 2728 8118 1574 1422 5265 4468 1754 8809 950 8083 6447 
3763 7402 8911 5936 8844 1582 6390 1977 5421 1207 2117 29 9964 7204 3778 9435 2561 7790 431 414 
598 4288 1709 1797 3107 7290 9360 946 9771 5233 2434 7382 6881 9113 1946 7805 239 5557 2302 3766 
665 5022 5942 4598 1037 8595 643 5149 6525 8640 9312 7097 8801 882 2344 7226 5078 1817 3896 2070 
5740 8879 6614 7213 303 8936 1875 2975 1923 8714 3293 9677 5462 3168 8248 3150 9744 8329 9805 3683 
2270 1734 4867 765 560 6485 6286 653 4383 3127 37 204 1811 9256 1176 9708 9220 9488 738 6911 
8464 2773 2395 1574 3036 7556 3185 5261 5550 3440 3897 1493 315 2009 7712 7762 5660 561 7799 1318 
8726 1835 5822 9421 4586 4757 3599 9547 1178 792 9423 675 5933 477 6801 6074 37 3043 7148 3339 
6655 9214 8013 9787 763 4577 9008 5568 3693 1903 9771 446 2626 5966 4299 7698 2167 7566 1060 6162 
1607 4745 2131 2628 6371 5595 630 9007 7159 3588 8142 5392 5531 9195 1412 6221 8839 3653 458 1727 
7450 4791 4787 5707 4029 6488 133 305 5859 8122 7662 5433 1060 6187 837 3963 6090 5687 4930 2654 
1292 6096 1953 6724 3385 7952 5811 2132 4887 6398 7078 6615 1229 1760 5126 3990 461 704 5763 8116 
1238 7890 4437 2457 2441 1829 6365 9774 138 6567 446 2976 6138 9342 4908 3775 163 9381 8788 6374 
9907 1843 9964 3440 5292 9139 9996 5864 4571 6095 1405 4833 8152 2125 9345 1544 1005 255 1780 6919 
6763 2310 2081 684 521 9511 6648 7513 4543 4561 8686 5948 8946 6429 5221 3778 6944 7047 9998 9416 
4126 316 8892 2530 6880 1572 43 3455 9898 5762 1761 621 4020 6314 1667 8473 3923 4659 2891 2810 
6710 9437 9705 8143 477 8468 5032 6501 9457 3861 963 3645 2016 7360 2295 5038 1976 6303 2810 8167 
150 1750 5996 8935 399 1932 3501 4417 2638 8553 9903 9066 2815 2672 8510 5621 2557 1983 7661 6081 
2071 6212 115 2305 6247 9698 4534 2860 6726 9109 4694 4870 2378 6259 3022 2751 4194 1843 3270 6875 
3620 1298 8956 1281 6052 3955 1460 1336 1128 4566 6381 2591 8297 61 1606 7291 7181 603 1842 1030 
5923 3806 8600 6438 2318 7503 9149 1324 4134 6984 6358 654 3403 405 2937 2824 43 6765 3539 6382 
7254 9523 7775 8933 384 1320 2053 787 3064 4595 2690 179 326 3540 9895 3261 3594 8341 4004 8438 
450 6546 5078 1476 9180 3563 2510 4357 8221 2839 500 9377 8817 9259 7276 5308 2085 2460 2232 5888 
7264 2529 9934 9307 7737 6940 8107 6645 2181 9035 520 6245 7648 9050 8668 2580 7726 3099 4419 4914 
1682 473 8414 2615 9887 9129 5322 5821 350 9745 9845 7676 9967 2670 1438 4710 9154 8129 2461 9877 
9176 1721 2179 5265 6198 199 531 886 3707 3214 417 821 4098 682 6889 4842 1354 6354 5667 1871 
1939 7697 9526 7678 7547 689 1147 5516 1547 3321 9108 9925 8028 5945 3004 7778 8077 3330 9296 2530 
4137 1052 8335 9544 2341 1042 8622 6785 4760 33 8142 4921 4046 6321 2834 6639 3198 9667 780 9221 
4458 1452 1128 1276 70 1424 3099 2736 1229 6195 2221 2864 1153 92 2085 5842 6482 7387 4307 1156 
8465 4972 356 341 8133 7724 8257 4517 5230 1787 8138 6154 5096 5251 8529 6564 1761 9752 5881 8084 
7870 1409 9025 6457 4779 2294 587 74 1939 9338 8803 8811 1487 2315 5996 2490 1633 3960 6748 7721 
2612 4946 1563 3937 4940 1238 5480 5940 1908 4393 9773 1204 8952 1541 6356 4323 4623 420 8842 5434 
6254 7546 8355 5358 5193 3383 6526 5167 1786 6413 7882 1875 1127 6144 9945 1331 6976 8652 1380 468 
4438 7291 9280 8473 1394 8486 2255 6695 949 1243 5161 713 2315 8145 1677 8389 6070 9672 2259 3934 
728 1956 3700 1820 9985 9788 5484 7161 154 3293 4254 5964 1168 1189 4984 7404 6390 9629 9993 253 
836 9574 8401 4767 3444 1063 7176 9176 8495 9013 5746 9950 403 1253 3168 1610 2440 7694 9226 3081 
7699 7523 4589 9157 730 7311 5247 8339 3866 6145 7003 3662 4789 5930 7961 2052 1696 2789 4652 2671 
6428 4951 1155 2743 8722 5991 2184 1750 2405 6319 1693 3581 6035 883 9801 4293 7948 5986 1741 4456 
2486 7467 2107 2032 128 8242 9321 2624 8934 5299 3602 4115 1717 7365 7662 1905 5103 6115 804 1961 
1680 9527 5021 1515 5858 7784 8698 6533 1694 2182 6680 1761 6884 6819 2131 2461 4829 3540 8505 3835 
1919 8824 3217 9658 8561 1848 6060 7093 464 2592 1546 1178 1649 3053 1888 4269 9367 2584 2553 5790 
8727 6578 8362 1864 8731 8448 5290 2956 6452 9033 9314 4173 9987 7388 4082 1901 9049 3096 6612 6329 
8926 2951 1092 4784 1583 2810 2752 3130 1963 6203 2333 2886 6465 655 2859 3668 5666 4858 1193 6276 
3212 9336 4395 6655 5674 1577 2011 8197 4854 3212 3967 470 8880 7439 282 7381 340 2118 9684 3913 
6087 3354 398 3398 9138 7140 9553 7213 6834 2346 215 1631 5678 937 6941 5431 3019 1925 8678 9576 
1070 4476 7779 3204 224 5633 5186 2784 4662 3400 4229 804 7377 1469 6037 9351 8866 5098 3910 2602 
4579 5464 5820 4676 4003 502 7918 4718 7568 1064 3755 6288 4073 5506 8250 1052 6052 2597 502 6792 
1950 9256 9546 3586 2977 4539 3769 9216 2891 1000 9169 5 1053 2556 9473 5819 8992 6564 7144 1565 
8063 4347 1072 563 1969 3395 7196 3364 6501 1650 6157 3351 3652 2463 9339 6571 7073 7581 6738 3448 
804 1495 1883 725 8839 7452 4029 6380 3808 5070 9443 1386 7521 917 5855 8315 1372 8810 5903 2326 
7675 5440 704 6692 1871 2133 5089 5207 1511 3866 7785 8953 84 2335 1914 594 4794 3315 2040 9663 
9498 9370 1253 4127 3230 944 8559 7439 2324 8124 45 1256 4414 2105 7926 9191 1065 321 7122 7774 
2413 459 9445 1850 3332 9447 6905 9349 7279 6023 7450 8188 6693 7456 8488 867 2909 8385 3801 2279 
9983 9588 302 2468 294 3570 231 744 6344 956 3544 2616 2937 2679 8414 4707 2732 6168 6109 8484 
620 784 2204 923 3914 1961 1444 2749 8552 2690 356 3627 9093 6088 664 4945 5930 7254 8027 4928 
9637 909 3003 6446 6675 6871 1084 2076 1124 473 1024 632 649 5528 6869 8820 4801 2925 8191 6519 
3653 4331 2232 4259 5056 7920 5669 7734 5139 4363 7579 1765 7992 6157 2994 502 8725 5939 8008 2189 
8163 2211 1993 4025 9168 1972 1710 3743 5346 563 4579 1752 445 340 6526 8935 2855 21 8700 7181 
473 2665 382 3264 1880 84 8789 9929 5686 2738 6665 8030 9699 1405 7136 1424 5015 5631 3917 5077 
6660 1428 5303 5320 7128 8771 3868 559 5361 7503 5382 7997 5988 2649 2092 649 5823 3481 6204 7168 
2893 4989 9768 3495 5626 8256 7886 3955 3000 270 7612 5884 4977 7783 68 7999 3406 7635 748 6787 
7799 7349 5722 494 12 1363 8062 8825 4995 9012 4368 257 7187 7595 3115 7232 6497 6532 1754 8347 
3897 3452 6611 5677 4415 8229 193 7861 3254 9802 6118 4491 3281 3952 9200 7816 1304 1342 5035 7446 
9693 2287 8488 70 4144 4789 6045 1569 5216 8480 1260 1393 2755 5455 6120 8721 8679 7078 2006 5810 
3849 864 3089 9759 4503 6343 6912 7635 8433 8915 2219 9850 2565 783 1548 309 8076 1826 979 3586 
9806 2684 7773 2716 3357 8655 6581 190 6593 513 7915 8350 3871 207 4469 2360 7584 963 4963 4295 
399 6969 5751 5819 8611 3855 9845 7512 2030 2219 2807 1276 3413 673 436 307 8225 917 9826 14 
7637 3822 5337 4817 6272 5468 9994 1276 2693 8892 1072 6669 6010 8345 3158 2659 3487 6565 2986 3814 
559 7736 8880 7381 4299 8615 7241 2224 1381 5593 7381 1800 874 774 3303 147 9972 8082 793 7476 
655 8617 5200 9227 1738 5210 9968 8585 5200 313 1123 4183 6952 6704 2406 5559 5849 4549 5653 6586 
2818 898 2168 3907 7721 4241 8621 9341 9859 502 8761 1145 4644 3266 3385 2042 1094 7989 7566 8261 
4111 9444 7720 6418 5998 5707 7362 9752 1031 6692 287 2649 9568 9465 5106 5609 250 1734 8644 229 
5092 3443 6114 3377 8492 3377 7749 5251 1864 8130 2567 3870 5700 7405 9554 1153 1228 2354 3579 9282 
3469 7900 5231 6965 9095 8789 5740 8161 2885 8174 6803 9012 6336 1407 5837 2790 2849 4123 5420 7356 
6726 5336 211 8510 3335 3358 1176 4619 7673 5277 585 8219 1906 5668 6189 1686 3134 1855 3309 2035 
5170 5889 7075 9187 223 9922 9537 1679 9017 8091 9604 1391 3705 5872 6506 4492 2735 28 3219 3112 
796 4131 3141 2621 1903 2132 6642 1796 7695 7134 6749 6919 6232 1846 3978 2616 2121 5 1286 1556 
7886 9734 9591 4290 4025 1489 549 8880 4742 8625 2394 1296 1406 2365 1861 2223 5213 2373 613 5111 
6448 2427 3620 6181 8625 421 5346 3997 4438 2000 9316 7612 5462 3687 6909 287 4877 500 6667 6882 
5314 6693 4885 1132 5207 6147 9828 441 7634 575 8207 7815 5642 6558 2251 5173 1715 7863 2322 8089 
7245 8970 1556 5329 1177 1988 4700 6444 7727 6704 6117 8459 2764 1952 1260 2946 7711 3740 7047 3747 
5622 1097 70 620 4725 1070 4057 1231 5527 3364 3827 5252 3191 3308 7325 5562 5745 8549 3886 8195 
2773 7694 1546 5553 3292 9529 2632 9899 7630 3360 3224 1221 755 7404 164 8143 1880 4068 1223 9836 
9669 2451 396 1445 2588 125 3944 6687 3301 1923 8698 1035 1720 9317 8066 8253 5450 3656 5120 5215 
5179 2552 9454 9463 6959 8672 225 9526 9565 4679 9020 3986 4404 9133 4805 9926 8324 1094 4588 760 
3100 838 3913 524 5008 1214 485 6935 5677 4278 924 487 4848 7116 2066 1521 515 412 8068 9514 
3434 3056 720 5898 9582 8217 8679 5086 8183 6143 4897 1821 3983 1429 386 6126 6276 6817 2236 120 
9998 443 1093 4601 7091 1107 3242 6891 8359 3848 4821 1220 3416 374 3755 5933 169 5760 1416 8613 
2524 8991 207 7591 2678 6169 3981 6297 1742 2277 9214 8310 2326 5838 6146 4815 8333 2374 3169 9821 
7011 6541 2156 2282 943 3298 2486 4737 9022 1385 2963 563 7677 8846 4479 7772 1033 6009 2178 6165 
2516 307 7011 6763 4459 7096 987 1215 9269 7020 6188 2704 879 8995 2289 7014 3414 7820 2664 6640 
1349 7661 4877 8288 3168 1477 2440 1285 479 1006 7466 8154 2287 7410 2612 8877 5013 2720 2761 6723 
2101 478 805 5450 6722 3585 749 8719 9735 8187 809 9648 7477 1796 3728 277 5566 908 9138 3499 
8641 5856 5644 7520 7943 43 2696 38 6030 3087 7459 7090 2227 5364 2451 1652 6422 2864 9144 1836 
4776 4135 6529 6523 88 5637 6627 9544 174 4954 3158 6228 4424 2662 8593 2352 5108 9525 6407 381 
3596 4284 1617 900 2088 6389 9022 4119 2513 8487 1320 3639 7682 1962 4665 9240 2516 5673 6766 3010 
8266 6920 8939 3274 154 3704 5967 9104 3677 4361 8746 953 2760 8736 2316 2336 7324 6522 9807 7641 
8811 5055 8279 4231 6333 8985 4217 687 7682 1335 7882 2123 5384 3902 617 7651 7743 367 736 4297 
2283 7919 2711 4788 7082 1811 9946 5648 7847 6986 6557 692 8094 9039 7724 9316 7345 783 3879 1272 
3626 8392 7022 3932 5810 6787 4793 8825 9761 4211 1948 7284 2759 3518 9929 1365 9082 7980 8214 683 
9537 29 2416 959 9953 1552 8976 1894 8837 6722 9277 5082 6276 5555 4546 1083 7022 4719 9458 9938 
5590 1435 3657 247 1206 8271 7253 6612 5328 4659 1365 5657 2545 1693 2993 8113 1867 9418 9130 6101 
2131 4426 7426 2655 1143 3409 8591 1826 6308 5099 2300 1656 8040 8416 8769 3740 771 5849 165 1209 
5811 1138 4193 3314 5760 9040 822 5508 901 260 4130 601 8353 2544 7807 6510 4397 9946 3372 8936 
4158 9119 5168 1090 6733 7866 7964 8378 2261 2645 2144 2284 7340 4110 7569 1999 1270 7390 9834 8479 
2007 183 2160 730 1832 3516 9594 8384 1788 565 6417 9092 2562 1762 2373 3496 1949 5440 8000 2072 
755 8842 2527 7877 7379 4914 2909 1190 8203 3088 6418 8810 793 1626 3021 8049 5632 5269 3358 3691 
4189 8074 263 3504 5018 3501 9619 9954 786 4202 647 9408 70 8417 5880 6317 5744 2292 4942 2128 
1655 6270 3896 7501 9682 5510 1520 3556 7088 5059 2128 2600 3127 1619 6293 4515 8220 1367 5074 1384 
9299 6321 9288 9497 1062 6369 933 6842 4603 9628 6171 9957 993 5327 9747 4768 3452 3554 8545 2780 
9506 2864 330 6191 6948 8821 9203 1765 5905 5113 1067 4530 2055 9677 5084 1515 5019 419 574 677 
6779 4947 7949 4350 8787 9675 1148 7275 3069 5959 5529 4082 7692 5218 2083 297 4650 3643 8697 3262 
7776 6587 9621 1512 7047 5717 6970 1310 4733 3151 154 9959 1914 6449 6634 3345 1875 2524 2201 902 
3550 9261 9983 6956 7959 4145 1203 7196 4819 2987 3328 7078 5043 7588 4153 9202 4619 1602 5498 3722 
4499 4332 1953 7110 3070 6973 7436 584 5834 8103 6708 745 567 5707 4427 5428 2587 8230 5667 8386 
6693 5629 2191 6885 7648 6476 542 921 5771 9131 6228 7495 119 291 2411 2700 128 1232 3339 9769 
2207 3367 7093 1117 9375 3881 230 1888 2591 4312 3146 9041 6328 7754 4927 3651 4272 2636 1596 1971 
5550 1977 8033 5901 3359 3915 2128 4815 855 4113 637 7438 9580 7362 1011 2776 3120 2544 6535 1562 
3261 256 5472 1859 3206 186 1719 2248 5099 9244 7051 8569 9661 1220 3096 6116 7491 813 9705 9689 
909 7913 1708 2958 9735 1856 3046 5699 2832 632 8566 2505 8619 7718 1406 7678 6389 8388 1599 4844 
9049 9427 804 1684 1697 8115 6914 9844 4525 7617 9598 1073 8296 1263 1167 4065 5961 7946 1942 9079 
6360 6184 9324 5604 8658 1073 4939 4860 63 8001 8607 6440 3777 1178 9214 1498 2064 3022 2757 4390 
7972 7517 8725 3630 610 4044 8015 8558 5818 6680 3372 8554 4976 4649 5120 7349 7642 4026 3151 2676 
3530 9304 2864 4866 1213 2441 33 9109 1826 6478 5515 5424 7311 1964 936 9546 6097 6936 6259 4303 
7298 8433 2703 8982 6768 1651 1114 7059 8571 8536 3890 5150 1215 7218 7801 6323 3715 487 710 3131 
7169 3659 9548 5916 9063 3428 9774 9148 5357 6330 451 299 5433 1838 9463 4434 479 4685 4706 1350 
7645 7588 6397 2754 9893 1302 1858 7076 684 5308 5619 3094 3859 7148 831 1664 180 5406 176 284 
9648 491 1223 2842 3990 3782 2876 8197 7206 5887 9377 3510 871 5190 1303 6872 6998 1293 7860 3452 
3024 3457 8835 6045 5554 1402 3115 2374 4654 9649 9541 1714 1504 5090 5288 3828 5474 482 9095 9 
398 7570 4686 5819 226 3605 9 1944 6776 8798 8102 5682 7606 2510 1355 4408 1028 6589 6235 3972 
2444 4470 6661 6950 5191 3208 1597 7986 1125 873 1200 8821 1389 6686 7970 4462 886 1657 7002 7786 
1364 67 6496 2992 7272 8298 2805 3663 1409 3676 5028 4596 2248 900 2792 3184 3483 7028 5183 5642 
919 4916 9197 33 3867 4826 7108 2917 603 3659 4770 8966 3554 7057 1963 1277 9132 446 3576 4666 
5715 4879 5952 1373 7032 2068 3351 9593 5349 4447 9925 7189 6336 1899 24 6565 2178 991 8828 265 
2024 7715 7193 9268 186 5298 2270 3728 1803 4065 2685 5793 5313 8751 470 9799 5733 1054 6217 9031 
9340 2464 4711 8619 359 8293 4776 3945 4712 8821 4866 1186 7607 184 5080 6157 1524 3262 2961 6371 
2637 3596 6075 9100 9458 1252 6127 970 6023 265 7895 1875 9130 5489 8973 8757 4709 5435 2550 757 
6054 6594 3039 425 8542 3987 8934 9079 183 4060 2892 8061 2186 6198 2154 8627 6991 5749 1010 8813 
9845 7597 119 3878 3509 2567 992 9257 7075 148 2760 9265 4836 2769 4474 8324 1990 7532 6187 6700 
5596 5445 4232 6022 809 5592 722 2094 1872 251 3751 7323 5113 1971 6019 1078 6390 5692 9591 7377 
6646 4745 1128 2646 5882 440 843 5293 9383 3017 1200 1362 6155 5345 9692 4774 9299 3754 1276 1973 
1485 5709 6295 6089 8473 8867 8419 3197 6805 3192 1370 3203 6889 865 926 4362 5296 4576 1595 107 
5353 901 2492 163 4300 791 2529 7205 2721 6451 239 1649 4493 6644 6664 304 846 9252 7069 6401 
8906 6338 6242 6889 7235 5637 1729 8790 8141 320 7793 4373 1571 2662 3815 6645 359 8991 2077 9036 
7641 2172 3731 6488 5753 520 660 5224 1888 5119 8651 6076 6428 5507 197 4186 3083 9981 3433 2291 
763 4689 5509 6997 142 6341 4778 5266 7011 1795 987 6049 9363 4268 2033 6611 9706 2208 7395 1705 
4455 2252 9540 2357 3765 6787 2542 6446 4106 5840 6702 7671 2928 410 4127 5250 5746 5465 220 769 
362 1224 6912 9629 6393 3276 2352 7515 3142 1220 6524 668 8442 7458 7505 3523 7659 2601 4818 7852 
1480 3414 825 6956 6756 1012 6344 2004 3495 4587 1909 1577 7794 8409 6358 3993 7041 9059 8824 4982 
3509 1709 3783 8631 2483 3033 2777 5376 9975 8317 2955 2654 2349 6696 2017 8616 9489 1270 8167 7427 
7237 2050 5774 9796 2883 4651 3604 8955 52 6970 8050 8478 7841 9699 5452 483 1176 602 2516 4627 
7697 8408 7888 699 5360 7934 1726 3109 718 9529 6149 2823 5092 1687 7437 2281 6023 5897 1778 4396 
1210 1689 8021 3914 8288 6925 8356 5641 626 4509 811 2740 2928 290 1098 4667 5131 3167 24 7338 
690 7077 7385 4024 6683 9425 3917 2336 1029 5497 9017 5797 5035 7847 6425 6418 7660 4228 9862 1887 
5672 8425 372 7627 7358 3250 2912 5606 3316 9460 9448 7422 3702 9841 5051 7998 2067 8377 7459 9713 
2996 1443 6768 1469 9247 2173 5111 5869 5579 2624 6186 2607 8196 8743 7450 880 6097 1217 4202 9093 
2004 9365 3926 8699 7474 8390 2867 1777 1108 3751 4473 3380 8749 6368 2559 5323 5837 1346 8390 293 
2325 9464 1320 8480 7740 8414 1378 1611 1074 1062 848 9070 323 1993 5384 184 4846 699 5098 2457 
9638 3474 5526 7058 3624 3080 4462 1337 8302 8607 4734 2465 4996 580 2569 8554 890 5879 3958 9844 
4873 8762 347 5082 6137 248 8840 2877 8241 9385 9319 8270 9457 2035 3650 2609 6381 3490 1094 9086 
8874 987 6775 7145 6879 3677 5013 4708 2964 8906 6685 4820 9661 4933 7970 3969 3277 6987 77 9762 
7973 1703 6419 7513 6636 9409 3270 6650 899 2455 1615 8210 5753 3775 9610 7237 8077 5563 2578 8888 
786 750 2447 529 2728 3134 9533 3708 9848 4394 735 4735 6704 7854 7828 5776 5984 4901 1273 5014 
3412 6702 1263 3949 1411 514 5262 397 3815 8757 6970 8637 4382 155 6597 9108 4784 8797 6933 2337 
7154 5676 4919 9212 2219 7141 1060 2557 1045 534 1475 4443 5270 368 1360 9911 4288 8541 7148 6266 
4437 2116 5972 7099 815 730 8646 2982 7822 1996 2609 5194 3539 2298 6428 2754 2958 3510 5867 4646 
6867 4893 6317 1970 178 4997 2697 7000 7095 3448 1146 2626 8175 2975 7913 7482 348 6035 5034 2717 
7258 2976 9545 8749 3315 6748 455 9671 4176 1078 9151 4437 4466 2050 6238 4 2496 4004 451 8952 
5745 7386 2834 7550 2844 2239 8895 1363 286 653 1898 867 3628 1092 6806 2308 2298 2536 7422 724 
6251 1375 4522 1616 9129 2636 5838 1240 632 8213 4804 5103 3190 7996 6412 23 6917 988 1104 4844 
1133 8497 2301 4735 4284 1405 8463 8006 2271 4201 3612 8658 213 5033 9971 2545 4881 2771 3878 2053 
1953 5857 2022 389 5582 6709 8543 8243 8451 477 2804 5166 7664 3431 6235 7000 2769 5318 204 8043 
6523 69 534 2663 9447 8395 8499 9807 1715 5136 6045 9733 644 2576 8913 2579 3344 3214 2819 9628 
3388 1066 7266 2401 625 1414 5085 632 6676 7173 2726 219 9846 6725 6630 2845 6921 1374 9185 5426 
1125 7899 491 4623 473 5881 5595 6735 5638 990 2528 808 7256 3292 1074 6686 2262 8358 5466 2278 
1485 418 2803 5165 5768 1776 7266 2362 6259 2362 8885 5954 6111 5788 9529 2443 8632 693 2734 9059 
7590 1774 2350 4865 9009 5099 2428 987 3560 9504 922 7802 3332 4214 7758 1883 6552 1087 9205 2520 
3436 6086 536 775 1179 1785 2398 6433 4665 9339 1538 3045 8601 3862 9430 6861 4413 6302 6233 9410 
9775 8348 3621 9516 7936 1289 8220 3900 5968 7081 4436 1070 9549 218 384 409 4031 7133 2498 3513 
3235 8788 2061 3327 6807 8269 2304 8310 7126 4126 1776 585 6595 9409 964 8948 603 82 2599 5881 
6518 439 6345 3284 815 1535 5223 7136 6644 6862 2925 9819 8592 3416 2137 1831 9079 2571 1970 9939 
3154 3203 3353 1514 6748 5464 7278 6842 2827 3674 8150 2552 9443 2864 779 8113 8568 9757 9621 9908 
9730 7028 2008 7935 5638 9470 7374 3319 1027 5370 6358 6156 1929 36 4109 9260 1697 3080 1052 3158 
153 7017 9905 1474 4719 4317 2211 959 3728 3707 4225 9437 2737 1945 8394 5197 1630 3375 4994 918 
2529 751 7555 6121 1397 4073 4962 6486 1643 2618 4932 7072 1549 2469 6209 3039 3825 1318 5880 1973 
641 5154 5763 7572 6617 5250 4268 2621 8944 6194 7231 7819 3898 2133 7346 2674 1229 3867 7379 1458 
5522 7158 9569 4209 2799 7033 8717 8776 2515 5874 114 9451 465 7738 5971 6223 1057 7770 436 440 
5075 6400 9628 7280 8022 5650 1674 3407 7912 5378 8901 2503 3774 9107 1464 6639 342 651 9630 1971 
6971 3785 5705 9209 5017 9737 2666 2903 7250 5190 1868 2564 9873 4336 3810 6460 2684 3998 6179 9592 
7519 4741 386 781 5575 3593 9587 8419 2972 2372 1690 7049 7650 4645 5910 744 5697 6842 4207 2421 
9588 3153 1532 3194 1072 523 1944 4279 1014 898 6197 8949 9546 7197 7697 3052 1604 7842 9833 54 
4599 5883 9259 1267 6512 764 5376 8302 4561 2147 5034 3487 2271 3857 1018 4675 8761 7352 3974 793 
1034 2790 8457 1183 5841 929 5547 1676 5742 9027 5026 1262 1488 7816 3401 1944 1485 1014 5680 4276 
481 6157 7364 9343 9931 526 1616 8565 916 160 5924 3354 3345 8209 9382 5212 603 8762 9190 3541 
8909 887 2151 3749 7790 6677 2330 9231 4768 8060 8092 8579 2984 8479 6724 8828 1471 7409 1542 1178 
2328 619 7131 3219 8979 1180 5092 6405 3153 2624 4429 2208 761 5411 3423 130 11 2840 3736 4418 
4531 53 814 7569 6720 1666 1954 9150 7301 4242 8706 2505 3983 576 7474 634 472 6750 5868 6579 
700 4618 373 2995 4154 1154 9682 7772 5309 2393 9690 3320 7676 6170 6206 1287 5919 141 2439 2044 
1027 88 9646 8985 911 4824 7378 2520 7400 992 8917 2300 34 9792 2216 2359 1752 9386 1464 7725 
4893 4993 1737 2889 5380 9379 6322 1758 2701 5737 873 384 530 9500 1665 1812 1569 1722 577 3094 
7002 1001 8375 1050 8603 6763 7389 4053 9418 7939 9002 5788 627 1544 8572 4604 4787 3671 2916 221 
7076 7693 3267 7105 7961 8053 5156 5857 1229 5343 6889 6634 3559 4898 843 2291 3441 9859 4940 195 
1753 2902 9455 8673 5031 981 5595 1083 1776 1295 1900 7131 5867 7122 3402 743 3138 2348 8510 5208 
5819 1630 1138 8558 2855 1827 4312 7473 6698 5279 4462 5738 7629 6923 1376 5076 1905 6256 9822 5005 
6501 8290 6112 6626 9321 5312 3912 7130 5683 5544 4279 3169 3618 1168 9762 1576 3874 4723 6470 1723 
1184 1096 3322 5699 1886 2601 8548 5677 1240 1123 8814 4651 7848 8953 2554 7593 4503 5422 2436 6002 
1189 6291 6407 2260 8028 1949 8675 4002 2640 2010 9166 6617 6521 1094 4968 693 867 4633 6147 2068 
2613 7811 674 8363 7906 1371 6225 2600 9133 789 5462 1623 3984 1490 6839 1449 7567 6604 8173 9746 
5608 5906 6711 8483 221 8160 3393 4167 9654 3202 9045 593 720 2123 9587 86 5803 9121 5214 663 
515 9388 7255 3858 9900 4607 3374 6152 340 709 790 18 9043 9648 4809 96 4918 2590 5899 5171 
2061 9517 9043 6812 5377 5569 4744 6596 9402 5107 5608 8317 6608 1068 5390 8169 6273 130 9045 9306 
7874 6178 3448 9929 2409 4735 1628 7915 1131 9321 337 2816 3409 5810 7636 4430 1520 1533 4185 270 
2537 7720 4887 245 7726 1388 756 2853 6406 8034 8274 1989 1283 5096 2538 9119 6674 1989 9497 3145 
6195 697 632 4582 522 5336 4945 205 9204 8040 3726 778 3310 6377 2995 8644 3763 6709 4783 9039 
2340 2088 720 7266 6797 4194 533 60 1542 2186 439 3443 8103 3701 5722 5245 8959 7911 1856 6274 
839 3290 8032 1697 5794 4285 8501 6627 5272 4638 2217 7917 387 2619 4660 186 5770 374 8752 3592 
8220 2663 7871 2913 9967 5494 3390 5181 7482 3305 2347 2294 6719 122 4006 8364 2797 141 7972 2058 
7925 1888 8346 1817 5595 2676 8072 9475 1904 2412 755 6155 6654 1780 7671 4875 4483 5107 1965 3134 
1889 611 5626 4367 6725 481 168 7250 1399 9200 3833 945 6977 7043 1768 7593 1748 9099 1395 5847 
9559 6493 1718 8717 5522 1688 2649 1865 5002 6213 7550 5144 6717 7184 7827 2279 1393 4790 47 4890 
7415 4975 6506 2353 5574 4398 7165 3239 5829 9751 3693 3692 2681 673 1826 614 7777 4491 2541 5636 
4461 2660 7865 83 2470 1397 9248 7797 3610 9810 6017 3422 2631 2002 5041 3488 1978 4586 1457 6810 
7400 3521 9262 9388 7565 8719 4574 9550 6802 7159 1241 4386 3685 2935 2870 7960 3924 2653 9880 1904 
1385 2476 5465 581 3101 8608 950 3544 2342 8414 5946 9194 6451 320 1023 1294 3930 7967 9538 4990 
5791 6610 2343 5533 5848 7398 1374 541 4590 4142 6644 2034 2311 8829 1852 8631 850 1377 9903 8159 
6866 6867 6946 4110 7247 3852 9896 5914 1081 8699 4071 3068 1134 9092 9135 5707 4782 9354 9960 6267 
3950 1776 3387 370 7402 3389 4724 971 9406 2382 4502 2191 9174 7265 1312 3648 7252 543 2655 40 
674 1369 1604 4450 728 3574 3527 758 8369 3979 1292 8107 5754 797 885 4472 7258 4243 5864 3835 
1032 8559 2579 2478 8009 2639 1981 7191 969 8911 1310 8608 9484 1 3345 2630 1205 8351 8201 2981 
679 1088 5811 1859 9723 7466 4075 2188 7601 2424 8673 3519 6730 4028 5052 6774 4468 2357 2431 9723 
1639 196 2028 1305 4945 7100 6583 2242 3469 7209 8925 1120 2602 7906 36 4461 7080 769 355 7814 
9269 6371 4326 4685 4538 2235 843 7582 2000 1500 9457 1829 5703 6663 7906 7038 4071 4273 1917 5212 
1624 4953 6697 8670 144 9065 1031 7375 7787 6250 1288 9326 8224 861 4543 9294 161 2119 3031 3854 
9171 4252 3160 4155 6639 7136 1734 8388 1767 537 2187 9070 6813 185 6679 41 9969 1068 9173 3203 
6074 3245 8127 3916 2776 9149 9892 7674 9111 9174 1625 6526 5205 4972 1422 5718 3895 8694 7699 9924 
9753 2316 7386 1407 614 9761 6494 7160 5559 6131 5381 1840 9375 6576 6290 3528 9126 8060 5950 217 
2867 4384 792 4678 8912 9893 970 62 8425 3906 5214 2662 3173 7905 9745 8183 8873 1560 2391 99 
1049 7271 3887 8782 6624 2094 8120 1018 8593 2897 4372 5684 8879 2526 9932 446 4218 2654 772 4636 
7147 4667 2321 4066 2291 5777 4808 8189 1711 23 5848 6450 5694 8752 2235 2357 1029 4973 5657 1227 
2083 2533 126 129 1633 2168 7069 8574 172 4304 4181 4182 4023 1130 5059 6353 4186 9043 1432 7515 
2447 9542 2508 4717 8335 8405 5746 2029 9000 7574 638 8209 8386 4320 3189 7977 1586 4597 2692 6862 
942 3299 6788 6278 6211 1702 2556 8185 6595 5456 1783 3384 5907 6604 9400 5389 2932 7007 5819 6254 
8447 7120 654 2470 4183 9177 2384 3717 5162 430 1448 1254 3048 7198 265 6866 9607 8584 4709 9140 
9606 176 8576 3084 8417 3185 1558 936 4101 9973 4399 7392 1556 787 6833 6496 5738 969 2615 7436 
3057 5771 7682 2446 898 6506 9597 9188 7149 2231 37 9080 1195 5770 7832 6736 5042 2287 2637 7511 
6041 7360 9509 635 941 2313 3392 3689 4435 967 8259 9285 238 515 9896 4815 4019 3598 311 4850 
4972 6892 9524 6015 8922 6678 6121 58 6814 7931 5989 7715 8073 6632 4181 8471 1795 3688 9778 2199 
2313 2316 5307 7786 9339 5582 6292 1951 4293 1027 1247 8294 715 7839 5547 5472 8234 4749 6090 1603 
1805 5168 4663 8898 7406 9892 295 4524 6973 3464 9599 9396 8230 5568 295 1522 30 149 4766 2200 
5950 3216 1790 1255 755 8599 177 1122 9701 9239 8163 7219 8518 67 8634 2094 830 6652 7508 9715 
6373 2914 624 6327 1696 8681 3072 4677 3488 7184 1836 4816 6647 9230 1867 2141 2972 3725 7950 4159 
9009 4043 3309 9427 5267 2495 9270 317 5793 1065 8787 562 5857 2638 8620 6024 1808 8722 4028 1499 
9624 678 2024 8273 8087 1076 254 5584 6750 1560 2026 2222 1431 3234 4111 9737 3562 570 3172 265 
6561 4691 3180 1955 26 3187 2443 7967 5550 1233 1334 4604 1552 112 5706 3026 2632 9867 3503 2888 
7440 8705 5262 6631 5662 7220 5393 3567 6420 668 5563 3384 820 3729 7512 540 520 9977 1717 3620 
5025 2559 4771 6672 6654 7061 1256 5978 7760 4123 8711 5421 9132 5552 5745 690 7216 2120 8060 3627 
5593 2958 9667 2036 8612 9020 9150 9639 6643 8378 9155 5359 4691 291 6365 3215 6588 286 5676 3251 
536 9771 6285 7383 184 748 4652 6919 6723 5926 6327 999 4336 1400 1797 3332 6791 1580 1542 7098 
275 315 5468 3080 6890 8358 9755 2577 6208 642 1197 180 1448 148 2714 270 4925 6733 3926 4286 
8240 1271 4954 4058 1875 8209 1799 832 8405 1528 1449 6367 3727 3207 8297 359 6319 5327 3589 4238 
1874 1706 8676 5781 568 461 2260 2250 1954 1436 4135 3743 7103 963 2014 2315 4472 1090 2612 7312 
552 4696 6174 6493 3584 3796 3905 9988 26 2711 2596 9438 1452 6382 1432 3822 7551 6095 9733 3252 
305 9345 2775 9923 7608 6913 6122 2580 8824 2610 2401 9228 6519 3253 797 6588 5166 1546 3788 8439 
8482 3894 2047 554 8773 293 9713 1751 2711 4305 1557 1570 8816 3203 2575 6672 5331 3978 9206 4492 
5899 9754 728 7788 6409 9543 6478 1363 2529 2482 3602 2473 3441 9667 527 2792 1940 8392 695 9000 
4246 2524 3627 8333 2297 9547 4886 2591 2039 8885 3738 8827 8169 1602 2384 648 2679 3317 458 8364 
5697 8116 5932 1456 2845 2694 7162 1426 2258 8350 5715 8681 9941 7287 3455 270 1522 401 756 1657 
3549 3003 1039 889 6841 2721 3553 1912 1209 8968 2216 734 4501 9287 3057 582 6991 5816 4394 94 
839 1632 8572 1426 9932 843 6329 1403 1540 1580 3698 3668 1869 643 1900 4350 9092 4239 7348 2133 
4695 5527 5617 1682 1974 6788 1417 7649 5759 9281 5207 2502 6459 3493 4459 3244 5010 1776 849 4126 
8902 5460 3079 1034 287 7990 1498 2946 6370 2773 3808 2149 6488 9435 9532 14 7116 738 4381 747 
9685 5208 8663 2416 7701 7446 1030 429 8321 1613 1696 3662 3362 4370 9035 3681 1051 332 2784 1549 
8859 8731 8206 2641 9525 9004 609 4603 8735 2282 5012 8874 8889 3126 1604 4742 9118 8026 7335 2958 
8127 3755 5790 834 1710 9966 7559 5219 3224 1436 2022 6792 2711 776 8900 114 1863 8257 9880 5457 
3303 8051 3302 248 1378 7203 6949 1679 1231 794 7654 7256 2277 1777 4433 996 1171 9391 7106 4007 
8223 1407 484 9209 8350 1365 5020 1982 4980 4786 7850 4344 7099 8470 6171 7836 281 1782 5395 3795 
8830 2334 7657 8961 2043 8360 1171 6171 6009 9118 5828 9317 5352 524 1059 6633 4935 3978 4318 9343 
1636 1896 6638 9705 2373 4987 4700 5518 1078 311 6485 1722 5443 3021 9946 8467 8281 9128 5627 2911 
9224 5570 502 5172 1803 3708 7178 2497 363 350 4240 811 8017 4763 6140 1738 107 73 9665 9158 
7137 9183 2003 8924 3336 1488 6817 4309 6966 8808 738 600 9783 1732 5902 6510 4352 3286 7281 5831 
8498 6009 1932 8684 2657 3202 9565 1781 22 7224 1536 3836 1410 6662 5349 4465 6275 4622 4724 9774 
6428 7840 9983 6990 3696 7147 2663 5786 4895 6227 1425 197 3012 4740 8697 1705 9214 7206 664 1232 
6110 962 4947 1080 272 8419 468 241 6766 3104 2589 7368 8417 233 154 9897 7401 8544 2182 9136 
5983 4139 7441 5825 5241 4119 10000 3370 6462 8639 9269 7093 8330 6828 8689 1634 1380 4767 6311 980 
6047 1406 723 6042 5966 8475 1355 9969 4379 7515 6181 9145 6985 8805 3705 7477 6328 9977 6536 855 
5529 6772 2989 3659 5380 8625 6786 2690 1350 3425 679 7010 6862 9487 9135 1196 1066 8621 1467 6223 
1310 8371 9915 379 5157 3882 4674 2744 618 9171 393 551 5433 8285 2743 9130 7458 3943 1887 3424 
846 6754 4682 8723 7925 1099 7528 214 9759 5208 4449 7737 4681 6449 7264 3855 5643 433 2578 354 
6727 2348 3356 5301 4773 1731 5531 6233 9037 1398 1871 2228 1188 4522 7211 2112 2218 1019 6998 6928 
5971 6339 4805 3656 8646 3644 6269 2573 3170 4163 5732 3563 6471 1181 4135 2694 5572 5838 3361 6066 
2253 631 6011 8407 8815 1136 463 5999 1463 7815 1105 4386 8751 8599 352 4261 1627 7341 2969 446 
7588 951 2989 3994 8706 2830 2836 1235 6671 3973 7090 9788 4585 9538 505 8783 9753 8412 2720 2042 
3346 6 338 4852 5035 2140 9449 7126 9089 5947 9260 8904 9399 5782 3751 6105 8255 1014 7563 4180 
2030 6913 8117 4159 8411 9806 1251 3862 5144 2808 4501 7495 2596 3745 6576 7039 1343 57 3768 2661 
4160 4431 2271 293 5924 3815 3497 7184 8680 4941 5043 1233 6265 4537 5619 8771 5913 1380 3841 594 
9557 5417 3478 9680 1604 9599 4163 6105 9315 5623 8294 2408 7007 3249 521 1707 5139 387 8252 7349 
5043 3148 4468 3010 3575 2438 7619 6048 2476 763 8025 3453 1607 4746 4027 4283 5340 233 7140 4731 
1246 5677 8554 9673 6536 6648 2226 1156 4603 7170 1814 2321 1145 9659 6422 3184 3281 5312 9917 1247 
524 7180 4949 2285 568 6705 4909 4290 1970 6567 8170 974 3482 2771 620 4431 385 7132 5299 4166 
2534 8779 9601 652 5058 6753 1186 801 9824 5262 1625 758 2913 9182 6525 7228 5294 1846 2660 1052 
1167 7776 2382 5944 8557 4099 6645 8417 4931 8231 1811 7179 6730 1703 9269 958 5285 3271 1503 2431 
5530 1800 5168 9966 9538 8042 7751 6561 8066 8130 8822 5985 1339 6828 4598 3363 5824 1491 9324 4505 
822 7262 3530 1386 112 5373 4553 224 7371 3541 1509 5552 2311 1847 745 928 6264 4360 1629 8852 
7980 5388 2093 6105 6862 4949 1036 5 2522 8651 1897 2862 9138 2572 3617 6123 6256 2790 8037 5496 
2829 1217 2269 2398 9969 4195 7404 226 3228 1455 9782 8045 2020 862 7872 1260 9152 7152 375 792 
1013 2228 3684 4792 766 758 7695 3782 2786 8201 1777 9424 7441 9910 4542 8880 3422 2275 1970 2814 
996 9207 9067 5603 2290 1965 5944 6898 5592 6712 5456 5395 6007 3510 1782 8895 9796 9447 8316 2131 
3517 6655 9446 7486 191 2554 6016 2893 7176 5232 7346 9242 2712 5754 4963 2209 477 7988 1100 8531 
5071 690 6046 9933 7337 2888 6598 9371 4586 53 2192 3690 1851 1680 2491 5228 7105 342 8539 8783 
9157 5778 1444 4592 9186 3022 950 6684 1694 2856 1444 4503 9677 7177 1609 4208 2723 6466 1853 485 
9465 9480 8500 195 770 3139 1208 6561 7405 5489 6424 109 4109 9568 8257 7847 5496 1195 6364 8141 
7869 3444 1160 1526 1306 9747 3002 2771 9469 6686 4578 7635 265 3962 7807 7062 3915 3840 5365 5460 
4589 1236 5374 6879 4666 6898 624 2518 995 4250 5774 6604 8818 2958 9441 840 2286 1304 9080 9390 
5534 1698 2349 3518 8785 2448 378 4459 45 8464 9115 1503 5351 9078 3558 1085 8579 5473 857 487 
5467 1650 5139 6849 2245 7550 7094 358 1984 4706 1787 8745 8464 8758 6054 3662 3867 453 6171 6235 
3042 9099 4385 9865 6196 4304 3303 8399 5951 7637 2885 9233 8504 6652 2883 1797 5437 5245 9935 9750 
2970 7670 3835 268 921 2531 4358 9196 317 1742 6540 2684 6368 5241 3648 250 4059 5993 3865 2013 
4775 373 1178 764 130 6304 1591 7422 804 4243 4325 7058 2082 7870 3793 2607 6226 2320 4772 6846 
8912 1110 5301 1623 1377 8256 2687 9034 150 8714 4196 496 8163 5306 7987 992 7408 8677 774 2309 
