200
42 2 92 16 98 96 31 34 57 48 15 43 21 25 86 68 29 24 31 76 
17 49 82 73 35 58 34 14 35 88 97 97 4 73 8 7 31 62 100 90 
23 90 96 6 25 30 97 96 28 66 86 98 16 96 27 43 100 72 79 14 
42 40 1 24 83 73 68 27 6 77 83 84 65 98 92 13 33 14 90 91 
93 89 73 77 22 37 65 42 85 92 99 72 57 59 35 34 91 24 21 83 
28 97 74 95 38 63 53 69 21 10 55 6 15 7 68 41 37 42 75 59 
4 50 56 97 77 77 24 12 33 36 68 24 72 73 34 60 26 27 84 52 
10 52 18 56 46 86 3 25 51 48 38 78 75 93 95 41 9 62 95 29 
44 63 4 5 30 95 98 2 9 45 77 86 95 6 76 10 70 41 25 6 
92 60 7 70 73 23 52 23 9 9 82 54 20 11 100 59 38 14 68 42 
60 57 72 63 52 66 61 64 96 99 72 35 98 8 100 95 3 15 46 11 
41 85 51 74 49 35 55 54 77 46 50 87 46 15 68 18 38 66 41 33 
96 74 98 33 27 98 41 43 64 65 51 11 14 83 72 38 52 70 82 33 
38 44 85 34 64 55 83 91 16 64 24 93 32 93 80 35 39 25 92 55 
48 85 93 32 51 100 19 81 9 70 53 85 90 86 53 7 5 29 83 67 
62 58 81 78 2 100 14 10 12 20 15 2 43 68 85 97 49 96 69 32 
58 34 56 65 15 21 2 17 21 5 61 70 1 7 61 77 93 19 48 74 
32 85 79 6 2 20 27 64 86 63 1 43 5 78 30 42 40 97 84 37 
60 100 57 63 95 35 45 37 22 26 49 10 30 79 52 83 68 66 3 1 
53 94 33 89 45 38 41 55 34 27 18 26 31 12 66 83 59 33 14 64 
