49 97 7 11 70 37 63 94 95 62 40 9 3 64 46 7 7 81 98 31 
22 48 80 25 68 71 81 90 100 71 45 52 2 23 32 58 60 87 83 51 
29 42 38 48 68 18 11 37 70 22 21 17 14 95 83 65 92 79 3 73 
36 96 22 12 12 45 12 9 85 26 15 67 97 96 13 90 9 87 99 30 
94 39 41 55 45 88 10 22 15 94 46 95 24 67 71 87 4 43 32 77 
95 31 53 91 37 5 50 14 82 95 98 78 19 36 96 79 34 86 7 92 
74 38 3 4 77 78 78 67 64 81 24 17 16 80 55 34 81 63 50 5 
88 98 63 70 13 37 83 62 17 81 17 1 96 85 18 87 18 47 36 33 
42 72 76 26 56 47 54 94 55 20 99 91 74 16 92 14 5 42 13 23 
2 33 23 54 37 17 91 9 47 64 8 24 82 42 96 72 29 42 81 95 
13 66 42 3 29 37 11 77 54 8 56 84 14 67 10 58 86 40 38 41 
13 47 28 2 55 36 11 66 65 71 78 50 7 47 70 17 88 81 57 84 
76 33 98 41 52 5 34 2 86 4 31 28 71 50 94 51 93 15 34 57 
36 41 47 99 11 53 69 82 31 100 97 82 88 34 80 99 29 68 86 73 
81 75 93 22 57 24 79 84 24 85 33 4 92 24 33 37 99 30 1 54 
50 42 41 44 97 80 94 70 67 80 96 41 39 72 37 14 19 85 59 1 
5 4 60 72 31 55 16 81 6 97 91 60 82 60 95 33 39 17 88 73 
36 26 58 74 61 23 27 4 50 81 46 93 19 10 23 1 60 72 12 10 
25 62 11 73 6 100 8 34 47 43 62 33 48 92 77 93 3 76 11 1 
86 96 84 77 78 61 14 70 64 10 72 57 47 13 89 69 82 12 28 27 
12 73 99 85 61 64 89 10 87 95 29 85 41 42 60 56 90 60 44 99 
6 37 22 45 24 54 36 99 83 38 75 79 90 99 40 2 77 56 34 60 
95 56 68 11 41 31 59 63 56 26 14 17 62 53 84 59 69 37 21 55 
20 28 37 46 30 32 45 31 80 54 56 40 38 55 5 76 25 75 73 49 
7 29 76 92 84 23 55 71 20 98 97 38 57 25 5 81 75 34 26 97 
92 5 2 33 52 68 4 15 9 86 30 95 100 52 2 67 5 77 99 8 
51 21 1 88 31 4 9 24 65 80 47 28 51 56 89 80 74 87 49 5 
54 4 58 1 22 95 15 23 100 80 19 91 90 6 28 84 25 75 79 3 
64 94 59 27 72 53 69 81 63 84 72 98 63 74 56 26 85 42 97 19 
57 93 53 67 96 34 57 15 99 13 83 72 37 16 36 70 16 75 34 91 
44 20 64 17 57 2 29 87 33 89 10 84 41 78 39 1 89 3 51 76 
61 58 95 78 39 2 68 11 54 66 8 58 31 29 35 30 94 94 82 91 
71 85 39 58 31 96 26 20 85 27 31 68 28 50 86 23 23 57 32 39 
2 2 54 20 6 1 79 74 84 20 56 3 62 56 56 52 79 72 58 41 
93 100 1 70 95 25 67 68 31 67 91 89 20 59 37 70 9 38 9 65 
42 22 66 10 35 15 84 19 22 97 86 36 84 68 53 32 71 55 19 60 
73 1 67 99 49 77 93 95 74 62 96 54 65 66 27 25 8 22 1 86 
35 62 32 36 26 57 99 43 39 8 94 75 53 12 26 17 72 97 94 36 
67 71 26 6 96 90 22 84 35 54 69 54 42 89 18 29 44 77 2 69 
63 21 76 79 66 66 93 96 18 57 48 96 44 83 41 21 51 61 40 14 
92 69 73 62 80 69 37 29 28 51 48 18 51 60 88 58 35 13 12 32 
25 62 35 29 59 65 2 74 63 11 41 99 49 41 49 95 92 86 53 69 
29 86 71 65 24 58 60 28 51 83 79 28 15 49 66 51 26 97 89 81 
39 8 17 80 44 92 21 40 2 28 98 12 92 40 32 67 77 80 18 90 
59 26 10 25 16 20 94 35 88 42 70 3 99 16 99 57 5 28 64 62 
46 47 75 72 23 84 6 51 54 24 95 39 37 36 8 74 34 76 7 9 
50 82 97 68 43 31 25 85 54 36 7 97 5 27 58 25 57 70 23 18 
44 20 95 92 57 27 62 32 91 18 29 60 75 44 77 83 12 49 93 45 
77 52 34 56 70 84 85 36 59 70 33 44 10 63 21 61 81 26 48 98 
51 13 51 97 59 5 72 25 29 66 48 73 21 95 13 91 78 34 5 61 
