72 74 100 71 36 81 79 78 59 24 35 87 54 46 63 22 32 78 15 93 
8 13 54 62 37 64 11 25 11 35 23 89 24 30 19 14 95 18 28 26 
17 95 26 80 22 70 41 80 81 94 37 21 66 83 81 95 48 44 94 77 
60 48 93 86 76 55 70 70 95 67 35 91 72 55 8 97 30 46 28 31 
67 15 40 90 79 8 58 51 70 17 89 40 12 42 87 7 5 19 3 79 
42 43 80 31 46 95 61 56 8 80 43 73 53 20 60 25 25 36 5 96 
31 62 38 70 24 34 49 44 90 37 68 49 93 54 23 88 35 55 29 82 
11 67 54 59 71 94 93 88 12 76 90 83 94 75 55 26 47 66 7 41 
56 2 47 95 67 40 40 59 43 83 25 35 49 32 13 61 67 35 71 75 
70 95 98 52 67 61 83 69 54 45 69 98 63 81 19 2 74 34 55 60 
13 40 55 79 58 26 52 70 54 18 59 56 84 58 59 63 63 34 30 63 
40 36 59 98 82 26 64 54 10 99 13 27 61 65 96 77 63 65 55 31 
59 31 51 37 1 23 26 60 6 25 35 12 62 69 85 15 90 62 61 75 
100 56 32 47 80 42 57 70 16 25 86 45 44 75 8 24 54 44 27 74 
56 39 76 52 31 99 35 71 38 60 88 25 24 23 53 29 70 32 40 94 
20 75 25 58 13 25 59 95 2 37 43 94 47 26 24 59 16 47 13 79 
19 36 20 31 53 46 65 6 2 42 55 93 44 82 100 78 47 37 94 31 
95 45 36 56 58 49 83 40 77 55 7 2 96 86 2 94 48 65 2 20 
57 24 36 47 40 71 91 95 98 12 7 15 73 3 84 84 39 49 90 44 
29 65 54 58 78 47 4 14 60 50 86 43 22 39 21 68 54 64 91 52 
93 93 53 69 33 82 14 26 46 76 15 55 49 49 36 85 12 6 67 67 
34 63 16 29 58 30 13 43 89 79 42 80 65 36 55 47 31 71 33 9 
81 28 59 61 100 33 22 4 51 55 99 57 69 95 75 84 68 49 11 61 
39 60 70 96 89 46 35 78 78 96 35 55 13 81 22 49 39 11 29 27 
91 3 68 63 22 3 65 37 61 25 17 78 21 77 81 36 14 97 48 26 
43 41 27 30 89 86 73 81 77 71 20 18 67 33 15 35 41 30 65 36 
53 69 30 58 10 32 33 23 96 84 46 87 53 48 29 94 62 75 74 51 
19 91 10 57 88 78 38 23 65 88 7 13 35 65 46 96 39 57 28 35 
30 72 81 32 25 27 49 57 63 88 91 92 25 17 29 15 5 76 75 80 
23 14 3 56 3 13 65 94 95 70 24 98 88 11 37 67 34 77 71 50 
22 50 86 76 46 84 88 49 43 81 56 98 2 6 81 36 99 22 47 90 
27 61 56 97 47 92 98 34 45 63 35 20 83 24 89 70 91 61 14 99 
97 57 19 68 11 27 85 82 32 47 88 89 70 73 8 100 27 52 12 46 
46 7 89 40 63 86 27 20 59 7 85 29 76 46 91 92 85 62 75 74 
25 89 49 3 53 51 16 63 51 69 28 15 52 63 69 30 50 92 27 4 
6 42 60 87 24 2 4 32 17 29 27 76 68 54 88 11 96 94 96 94 
88 73 24 96 32 79 91 34 11 43 47 67 14 87 47 40 28 56 21 93 
54 7 98 8 97 36 30 63 6 2 12 20 9 100 13 75 81 98 88 79 
47 82 46 65 21 16 34 46 49 21 4 15 37 100 26 41 21 99 68 45 
84 99 48 90 31 32 40 10 16 20 6 51 73 66 80 81 19 40 61 43 
54 48 80 73 30 45 68 37 56 21 24 46 53 74 100 72 74 31 15 30 
48 45 42 16 6 94 73 9 97 56 85 60 52 37 9 13 52 69 29 70 
89 28 52 26 62 42 12 22 65 1 48 63 74 34 77 63 74 14 77 75 
31 62 72 44 90 68 83 85 16 96 95 9 85 20 74 81 46 12 49 44 
76 24 13 12 86 74 1 100 76 82 16 44 52 49 43 97 29 94 26 6 
89 47 68 70 47 75 76 74 38 22 17 1 85 98 84 47 31 81 96 55 
20 67 6 16 21 1 35 37 28 18 63 100 100 33 67 24 20 19 45 43 
21 6 45 38 5 95 68 74 13 100 17 75 55 48 68 27 49 35 62 41 
28 85 80 23 96 62 23 96 91 87 96 58 8 60 42 91 31 97 68 70 
62 70 7 29 37 18 16 17 45 90 26 33 73 17 66 38 86 39 54 99 
17 60 15 60 31 2 62 44 93 70 90 47 95 23 56 5 93 43 3 61 
4 70 73 61 14 16 10 42 2 95 59 59 34 97 85 29 49 54 47 73 
31 85 69 89 91 55 71 7 64 9 10 8 79 40 37 57 80 30 94 4 
31 54 50 96 13 66 50 76 11 60 84 1 58 63 41 15 16 23 72 99 
58 40 83 38 14 59 61 40 34 49 72 93 86 4 23 80 3 52 94 55 
88 58 44 10 94 67 6 15 62 46 31 24 93 38 36 71 44 15 40 83 
53 75 26 52 2 30 90 33 59 45 29 84 13 86 49 30 34 5 64 79 
10 37 100 52 96 21 15 63 61 24 88 78 16 24 74 56 76 39 79 1 
10 83 31 88 70 39 66 82 46 97 16 36 32 35 47 1 65 81 30 5 
15 63 96 5 48 86 63 52 23 4 66 10 59 18 81 27 6 78 79 70 
40 8 56 86 59 44 56 44 41 24 92 26 43 40 8 96 77 99 40 25 
20 91 75 77 83 9 85 64 21 18 88 85 97 13 17 96 43 60 96 73 
3 32 9 90 12 17 12 34 38 46 19 27 98 31 83 73 33 28 52 1 
8 75 9 40 76 68 59 72 98 12 45 67 8 100 57 33 8 92 84 93 
44 52 43 14 46 9 76 52 34 91 91 36 19 25 6 68 7 38 79 88 
22 83 36 92 15 69 40 59 43 88 12 95 78 56 92 46 80 79 95 88 
86 95 40 46 57 73 27 83 62 98 3 53 43 89 50 34 29 54 34 7 
54 21 68 85 33 74 74 50 3 52 29 46 92 79 73 39 23 82 100 25 
18 40 89 83 42 75 13 30 93 51 75 91 33 40 73 62 40 66 65 96 
8 36 12 6 69 27 92 27 4 81 70 84 31 29 64 61 94 44 7 40 
56 68 99 89 63 84 93 76 8 73 73 82 50 100 98 4 68 4 35 57 
13 56 31 39 24 76 83 9 28 28 54 39 10 58 78 18 52 22 49 29 
80 78 70 80 2 7 53 91 86 49 69 51 18 25 93 17 34 5 4 81 
36 24 100 29 18 16 80 65 66 84 74 14 13 42 97 68 67 81 63 13 
91 82 97 27 14 32 46 71 100 85 14 6 25 51 68 24 89 51 37 20 
59 64 50 39 3 7 56 57 34 42 27 60 58 99 53 78 17 15 32 37 
39 59 1 12 100 61 98 29 34 13 50 77 11 46 11 36 49 23 84 58 
19 39 25 81 3 77 100 100 5 76 73 2 6 51 17 67 88 66 81 68 
6 4 17 97 59 80 3 53 64 54 54 92 25 15 21 76 19 35 6 88 
39 78 7 80 98 33 82 71 6 39 87 85 100 32 4 80 62 40 88 25 
95 74 28 79 17 39 95 32 70 38 31 44 78 10 57 97 19 82 12 99 
62 84 3 43 85 15 37 62 42 33 13 9 67 37 12 43 46 78 7 23 
59 97 7 6 67 91 90 70 12 25 91 24 19 59 1 92 69 55 82 83 
36 24 38 81 47 39 69 11 89 24 37 75 67 64 62 79 45 33 60 35 
98 99 35 94 1 26 98 34 67 27 98 14 14 72 39 37 4 22 30 13 
49 1 77 33 13 7 89 75 38 45 34 12 100 50 24 89 89 68 60 94 
35 20 76 5 64 1 76 25 86 8 61 15 51 90 67 65 58 35 14 73 
66 30 96 45 51 72 6 60 51 1 4 79 75 1 14 34 66 27 89 12 
12 28 57 22 42 38 67 54 2 39 62 23 71 52 10 61 94 69 26 97 
50 34 62 19 52 46 99 53 58 95 2 88 43 91 14 38 64 50 50 10 
20 51 26 79 86 3 92 9 74 56 94 22 3 34 51 96 49 80 55 52 
3 44 87 27 46 20 24 74 10 92 2 87 60 84 92 94 1 4 38 89 
47 29 56 32 86 37 97 80 84 69 6 86 87 11 32 22 98 47 15 76 
38 62 65 66 47 93 18 64 64 70 61 89 8 56 18 23 65 100 82 25 
49 60 72 50 50 91 41 88 46 16 79 58 60 84 21 79 77 14 22 49 
15 45 23 17 25 58 26 63 63 46 64 3 13 42 41 41 62 72 67 95 
15 16 8 73 7 76 76 10 86 60 62 48 13 66 65 32 12 93 83 87 
62 55 89 80 16 17 65 59 12 10 44 93 32 50 22 77 76 84 12 63 
20 54 53 31 46 100 16 83 50 4 96 36 99 8 47 35 5 32 29 8 
83 50 89 23 6 27 14 94 83 84 31 97 98 32 46 100 23 76 50 70 
30 72 39 54 69 8 16 35 4 79 51 27 12 35 3 13 13 5 2 19 
67 46 16 21 78 43 27 32 48 48 57 77 85 63 47 21 93 91 51 69 
43 95 80 94 30 1 32 43 4 86 7 50 92 100 63 67 28 10 11 70 
76 34 43 48 22 48 56 85 46 50 92 9 24 91 65 19 91 13 42 45 
40 82 50 21 15 5 88 19 53 37 78 64 56 13 66 38 19 48 70 66 
29 44 59 82 91 63 20 87 3 30 12 38 88 19 45 37 16 18 51 12 
37 72 8 96 95 26 93 29 96 58 89 87 65 89 24 70 65 80 91 50 
3 40 38 95 21 99 14 37 30 18 100 4 99 44 49 88 90 40 11 19 
83 54 45 5 39 65 39 39 1 25 57 27 83 59 95 8 22 2 35 99 
18 17 27 5 4 20 45 62 60 19 58 61 13 56 38 84 23 81 40 6 
68 90 61 48 58 64 45 57 12 22 26 37 63 51 8 44 19 53 73 78 
18 88 17 27 97 29 32 88 44 4 11 47 38 16 49 39 1 94 31 74 
87 61 66 69 42 25 3 37 57 1 75 2 32 66 20 8 16 48 92 53 
23 34 84 54 90 50 96 97 43 50 41 74 50 34 3 45 19 62 52 88 
34 38 60 33 93 33 51 81 61 1 44 14 7 96 76 39 49 20 42 26 
5 59 51 99 46 70 81 21 85 54 12 16 9 48 37 38 86 33 6 15 
30 89 17 16 61 41 49 65 74 34 27 62 67 45 17 39 58 72 76 27 
20 18 21 99 47 89 76 58 50 35 2 24 27 19 72 67 12 22 85 21 
2 9 91 12 28 24 76 3 79 88 100 90 93 33 1 31 19 39 19 69 
18 6 97 80 65 15 36 51 9 9 78 11 77 40 6 21 16 45 46 58 
40 82 93 41 36 7 54 61 41 14 100 83 9 38 72 41 64 10 64 48 
28 80 74 59 14 68 40 37 48 79 100 54 50 91 31 17 64 41 2 56 
35 76 25 47 36 20 19 50 15 83 82 81 96 63 99 77 37 44 33 76 
32 98 55 61 20 34 86 90 54 66 75 6 59 67 29 82 70 35 83 38 
87 22 13 72 69 88 95 28 48 32 49 90 99 63 77 36 39 72 98 99 
42 6 27 17 49 38 11 77 36 59 86 54 87 96 76 15 60 9 21 66 
48 72 93 39 6 69 16 55 3 11 72 26 15 82 21 50 82 90 41 54 
54 1 38 70 32 16 61 7 37 77 48 25 19 53 27 78 97 32 38 50 
79 6 10 17 21 41 41 85 74 94 82 41 63 60 93 73 77 42 55 11 
96 73 70 98 49 38 52 40 43 37 89 1 44 82 81 89 69 59 83 90 
16 38 34 72 96 32 25 9 51 6 74 1 83 100 54 92 30 35 65 57 
36 59 99 79 81 17 22 98 51 72 26 53 72 54 93 77 8 6 53 4 
26 25 70 11 9 94 24 9 65 1 28 97 65 34 14 73 15 62 64 100 
22 49 33 45 48 19 87 30 48 69 81 43 45 90 59 54 72 19 80 27 
94 31 39 100 2 63 29 59 9 81 74 23 27 81 13 59 21 20 81 69 
52 65 61 94 61 2 25 74 60 32 42 51 2 5 57 5 14 41 84 33 
4 50 50 62 97 57 27 43 14 58 33 38 47 39 92 45 65 12 81 51 
55 52 79 5 45 76 41 61 90 20 7 75 12 90 23 18 93 28 15 97 
17 8 68 19 17 89 60 72 58 76 73 73 58 28 37 97 86 79 53 80 
45 52 6 20 84 1 57 95 63 70 69 37 66 26 14 26 75 18 64 70 
79 34 46 59 32 66 49 91 98 22 16 82 16 50 69 26 85 21 43 65 
14 23 98 70 70 12 60 13 85 47 17 52 9 35 49 34 94 4 32 98 
24 97 86 87 99 53 4 31 78 44 47 4 74 24 52 90 77 79 96 2 
38 66 49 54 4 6 20 26 87 42 80 91 53 73 87 18 45 94 31 96 
8 65 92 91 100 32 40 7 42 50 44 86 15 22 41 64 59 51 73 31 
77 70 6 58 40 25 7 5 30 3 55 4 90 33 38 43 4 39 47 18 
98 25 58 92 87 59 85 90 42 55 46 53 52 46 71 39 91 46 98 10 
23 7 26 21 13 98 10 45 17 30 8 11 12 53 92 22 51 50 94 23 
99 45 81 91 97 18 18 62 75 70 81 66 80 87 13 1 8 98 62 50 
36 20 74 53 65 88 97 42 59 26 26 12 11 93 17 23 80 28 74 42 
78 12 74 45 84 93 69 85 80 45 19 85 77 81 15 73 8 69 25 25 
54 83 22 57 73 19 26 55 64 86 13 80 20 29 26 86 72 100 56 65 
41 62 33 45 79 85 10 12 34 73 59 11 36 42 75 10 46 52 12 68 
2 56 58 96 64 23 89 98 76 76 60 21 74 81 93 61 74 97 59 36 
75 30 81 80 67 54 56 47 73 99 78 45 37 100 49 66 15 77 44 62 
47 22 75 21 40 86 17 66 51 41 41 25 6 39 74 44 24 99 52 91 
64 45 58 40 70 76 74 14 16 15 5 92 29 60 83 16 6 66 91 32 
22 39 54 21 8 85 50 54 50 50 5 24 75 53 55 7 24 35 37 55 
84 10 18 40 91 17 11 11 13 24 29 67 90 5 41 10 36 59 89 99 
74 42 30 8 100 67 2 71 48 90 58 23 47 41 30 64 25 70 71 34 
8 8 17 46 84 18 31 38 19 65 36 35 83 71 99 100 40 3 29 96 
50 47 5 36 36 4 16 54 46 33 55 29 80 42 2 51 19 83 66 31 
92 87 1 22 87 30 28 68 6 30 1 46 57 12 94 67 92 35 22 72 
63 77 39 96 93 31 64 64 4 98 71 42 68 86 93 24 90 69 17 71 
43 55 50 89 90 13 93 76 62 87 55 84 3 3 15 18 50 91 50 6 
7 93 54 70 30 65 88 72 18 39 50 91 14 67 37 96 28 77 19 74 
99 52 91 23 55 70 55 1 60 80 38 33 15 24 71 41 35 44 27 72 
84 13 55 54 13 28 88 76 4 56 66 95 66 4 70 60 66 70 15 3 
42 4 71 4 76 41 63 61 51 84 48 94 67 29 48 81 44 20 1 73 
77 98 15 57 100 93 64 5 69 87 67 1 21 46 61 49 28 90 80 59 
49 24 93 15 92 86 25 44 88 63 98 67 64 16 63 65 76 82 77 32 
60 2 31 58 28 99 16 98 96 79 96 51 10 48 28 46 86 44 62 30 
97 55 5 42 73 45 20 43 11 12 13 58 86 86 76 96 72 69 76 56 
3 42 61 37 53 89 27 5 91 24 88 53 98 78 80 85 99 85 80 2 
97 65 76 31 56 43 20 13 32 42 50 59 22 77 45 72 75 18 57 42 
11 9 45 7 24 51 45 54 98 65 86 76 33 75 34 71 69 70 64 70 
29 46 40 51 56 8 63 98 43 87 54 78 7 11 91 45 18 79 55 7 
16 71 93 79 56 82 88 69 46 26 25 75 91 52 51 75 27 89 15 9 
34 29 81 5 63 3 100 3 93 5 98 41 86 58 11 52 45 5 68 19 
34 63 65 92 21 48 24 13 15 34 48 50 64 18 8 51 86 84 62 68 
40 21 26 56 39 99 95 15 57 76 75 47 2 30 2 5 96 94 89 15 
29 86 28 25 24 41 98 48 9 50 15 54 56 28 59 87 89 72 17 48 
83 35 74 22 46 70 63 13 63 35 52 38 61 82 66 17 11 95 15 95 
87 26 13 19 77 40 45 39 44 76 97 46 92 7 59 12 49 87 60 9 
83 54 11 1 66 21 58 68 64 26 87 97 1 95 27 48 46 84 4 25 
37 76 71 27 28 86 28 20 20 14 88 33 51 15 100 70 89 63 80 72 
96 85 11 94 22 37 41 77 84 61 16 87 24 27 91 25 38 19 40 60 
90 78 89 49 8 63 50 71 61 96 93 74 58 8 45 62 43 29 23 94 
82 53 61 5 84 17 25 65 78 27 23 6 52 67 58 37 34 16 56 74 
43 73 71 6 79 36 50 17 84 5 57 7 41 19 56 1 85 58 90 54 
82 76 100 7 17 65 67 100 12 41 84 13 51 1 39 88 59 60 50 38 
52 64 7 11 32 31 11 61 93 95 48 58 51 9 65 15 58 17 72 92 
39 11 29 60 56 56 69 59 73 13 6 15 84 63 89 87 4 70 3 11 
90 95 16 55 100 19 41 18 2 30 81 55 82 52 83 61 23 71 18 44 
37 5 36 2 99 92 99 3 13 63 45 77 16 58 59 51 78 37 84 71 
70 5 83 50 82 27 74 26 39 9 56 23 40 62 98 23 82 98 17 15 
86 50 43 55 8 45 51 64 48 11 14 40 70 36 44 56 22 17 94 73 
80 26 5 92 46 52 78 12 68 89 4 95 27 48 75 83 21 43 90 70 
76 29 19 83 37 17 85 43 59 72 99 84 20 43 31 71 90 85 98 64 
22 74 70 38 45 84 80 96 36 100 18 99 3 28 20 37 60 100 43 97 
56 99 81 84 81 71 20 96 21 55 77 14 95 84 40 89 24 30 29 65 
57 29 29 30 76 87 99 37 54 95 32 91 18 39 61 96 79 54 39 26 
55 61 31 35 64 79 59 52 24 39 64 3 47 1 62 98 19 31 41 57 
60 48 54 53 57 18 61 82 59 93 4 38 51 88 75 67 65 84 81 43 
7 73 20 22 91 16 77 56 62 30 63 7 73 95 55 95 56 3 66 40 
80 19 78 64 41 91 63 90 21 82 80 38 16 39 33 6 100 70 10 12 
6 98 47 32 78 98 1 17 44 74 65 71 36 60 11 52 70 42 6 84 
49 17 79 60 61 90 39 38 7 88 84 93 98 63 38 16 23 19 38 38 
20 56 40 47 36 68 98 74 82 21 52 64 52 98 13 59 30 88 6 44 
4 85 37 13 88 91 53 11 71 46 60 31 25 84 9 40 18 60 83 85 
32 89 81 55 63 92 4 97 85 76 66 46 38 10 89 38 100 68 35 5 
18 93 14 88 74 38 55 62 42 79 26 62 85 49 38 77 2 63 19 95 
59 7 19 9 81 70 6 53 71 86 27 89 78 38 24 89 88 47 57 92 
92 98 40 37 76 54 65 58 80 3 78 25 30 79 62 28 66 65 73 66 
37 51 43 60 24 20 98 98 31 78 33 79 43 48 47 22 82 27 39 30 
97 97 45 10 14 34 25 9 45 95 90 69 13 77 22 51 55 40 64 66 
38 15 26 79 95 93 56 89 87 76 68 56 14 92 36 64 67 28 37 86 
61 53 73 42 88 95 40 91 57 25 58 99 22 50 84 80 37 53 23 25 
82 49 61 73 15 33 51 85 20 91 27 69 51 90 19 80 89 10 37 23 
42 99 72 87 98 88 15 42 49 81 53 8 67 11 56 89 71 55 34 22 
45 1 21 36 39 22 74 72 21 73 17 86 47 78 10 43 59 12 63 60 
2 56 68 64 16 33 27 12 15 90 49 47 87 82 45 32 7 26 36 90 
24 44 88 23 64 11 25 30 72 51 36 99 57 50 38 10 38 67 8 54 
2 98 9 51 66 64 89 76 98 73 79 90 17 99 18 83 76 69 87 66 
42 8 10 63 1 68 81 77 92 10 73 31 9 68 4 80 41 61 79 22 
74 95 65 84 56 91 43 82 24 56 45 53 16 35 25 56 75 37 99 91 
4 100 89 26 76 83 80 60 13 29 38 92 24 21 5 71 74 47 67 8 
7 37 4 16 15 28 17 54 46 85 75 90 74 60 56 96 26 19 59 44 
57 34 86 79 59 6 86 1 11 43 55 48 14 35 42 99 35 60 27 100 
39 97 8 35 15 51 41 65 11 85 19 68 22 90 10 15 16 66 86 76 
78 68 41 64 24 70 29 30 11 82 57 44 2 19 48 42 74 83 78 29 
41 80 78 55 63 88 64 64 54 82 92 57 96 81 23 18 74 59 7 61 
20 58 77 68 6 30 90 43 77 75 98 83 77 100 78 15 77 97 35 29 
90 25 8 51 93 62 99 75 24 9 10 59 77 29 21 29 79 99 14 58 
53 28 97 97 14 34 38 42 36 28 71 84 67 63 58 24 4 64 31 39 
93 92 81 81 7 14 55 15 11 92 16 94 8 81 40 73 62 69 29 21 
15 9 56 3 82 60 74 90 1 86 49 81 21 9 16 35 41 9 13 53 
75 36 72 44 22 58 85 52 57 49 69 52 67 8 7 31 91 9 44 54 
37 4 47 11 78 50 55 85 52 27 61 77 10 20 74 20 15 91 93 78 
96 18 25 59 83 42 2 16 41 93 68 72 36 39 84 39 81 74 94 11 
52 51 94 49 70 26 35 58 78 57 92 31 31 77 49 50 32 34 90 45 
1 92 63 52 25 26 87 46 17 62 5 16 28 49 76 74 39 100 73 74 
47 11 75 26 69 25 5 84 85 24 84 72 66 19 59 58 45 9 46 20 
20 28 44 54 41 61 35 60 90 14 33 8 63 21 28 16 78 87 41 46 
59 93 26 19 21 73 5 69 39 77 20 44 18 43 19 67 90 12 99 46 
87 3 68 51 10 32 44 93 16 50 21 68 6 68 61 51 9 23 66 90 
28 64 29 80 32 76 18 48 52 65 28 82 17 95 48 16 75 67 12 13 
28 62 58 6 57 89 66 96 95 91 16 9 3 17 29 86 38 21 9 12 
10 1 46 46 25 82 63 35 23 94 19 40 21 67 78 100 12 5 80 53 
3 35 21 34 1 57 40 27 3 40 13 61 85 7 77 27 46 48 79 92 
57 26 16 5 57 38 26 77 84 11 46 64 80 71 55 93 94 22 83 3 
15 81 64 13 76 51 13 45 41 74 82 90 22 54 93 78 20 6 95 50 
89 47 2 31 30 41 12 65 97 23 40 50 28 26 47 77 20 77 42 60 
57 68 71 22 37 46 97 29 23 99 59 55 18 98 19 67 50 87 99 87 
67 20 96 8 8 17 27 45 61 10 85 63 71 100 29 33 95 51 12 99 
34 74 44 76 36 91 37 84 92 40 40 79 31 82 36 88 55 58 18 65 
86 17 28 23 47 100 90 53 28 59 89 68 8 14 20 53 51 34 56 30 
100 97 74 81 62 24 6 67 22 11 54 1 88 46 92 73 72 95 97 62 
11 9 74 15 30 99 77 13 42 47 12 60 72 13 23 21 3 70 88 97 
84 6 78 40 98 54 94 15 58 74 50 2 92 14 82 58 3 2 54 70 
93 95 41 28 3 8 58 11 39 93 28 62 79 94 54 55 93 44 85 25 
79 16 57 27 25 36 94 19 60 58 66 86 69 49 7 60 71 26 63 50 
62 40 72 18 96 60 25 38 20 96 12 13 24 33 14 15 39 42 84 19 
52 95 87 50 38 66 10 85 84 12 42 27 71 39 62 88 53 79 85 69 
100 3 93 93 48 29 97 60 5 52 65 54 60 41 100 98 7 40 82 35 
72 97 80 14 6 27 12 37 22 91 9 12 65 68 7 14 57 73 99 47 
33 59 45 19 52 81 69 57 61 85 51 9 20 50 7 3 49 55 29 29 
34 97 89 50 82 7 33 64 15 24 58 75 71 34 1 48 51 94 46 5 
88 53 14 49 75 25 40 5 85 51 53 32 10 23 97 25 95 12 17 31 
83 7 99 38 48 62 7 43 42 93 27 40 55 75 33 61 34 12 76 22 
13 19 60 82 30 96 89 27 26 56 70 75 5 4 27 74 96 69 100 77 
32 45 93 79 30 31 66 54 28 59 29 4 99 12 86 54 93 29 38 65 
60 22 68 91 84 29 64 12 18 65 89 94 86 82 6 26 94 73 7 12 
71 40 61 88 87 93 39 94 27 72 62 38 36 3 19 13 85 22 12 36 
63 34 9 70 91 100 43 40 35 37 82 51 35 97 82 2 62 67 87 80 
18 64 98 64 24 38 32 75 23 85 57 78 50 70 63 56 60 52 100 31 
76 100 46 90 85 94 54 89 48 53 34 97 35 73 31 13 4 79 13 50 
43 48 1 61 76 15 89 70 96 21 86 29 86 86 22 86 45 57 51 47 
8 15 48 64 81 64 27 74 65 86 67 77 12 70 94 59 8 56 86 98 
93 51 91 51 40 61 32 67 22 44 99 26 51 93 30 39 9 96 72 59 
35 68 66 38 19 36 34 98 23 22 54 69 32 83 25 1 19 39 31 29 
57 70 5 31 52 76 46 80 66 89 92 64 81 76 47 11 80 29 4 27 
37 56 60 7 59 84 74 66 46 11 71 72 5 84 25 54 36 59 94 17 
22 24 73 5 16 6 44 49 66 57 68 46 41 10 34 11 70 14 12 92 
50 78 4 64 55 89 95 35 94 86 72 16 37 76 9 17 19 99 27 72 
74 25 70 42 32 16 75 83 88 66 26 73 71 55 14 76 10 53 71 73 
95 10 42 13 96 17 46 89 19 74 62 72 55 63 6 21 81 51 44 25 
26 91 20 26 84 98 85 53 39 9 89 86 83 98 34 46 43 79 11 33 
43 63 83 40 22 2 88 9 69 70 3 78 24 1 77 19 42 11 97 39 
62 11 1 40 37 58 10 57 41 91 80 41 100 75 53 42 74 27 40 87 
15 6 45 86 73 72 67 40 36 11 34 50 94 81 7 60 49 47 61 60 
47 41 81 65 34 29 3 76 4 56 38 87 12 34 30 28 25 73 5 1 
67 21 9 37 36 99 23 21 84 63 47 33 76 11 18 36 32 57 63 47 
59 32 75 29 95 78 83 22 25 35 59 25 74 13 64 54 51 40 82 53 
78 53 59 29 65 15 51 12 54 3 96 95 48 31 21 16 6 70 62 86 
5 83 42 97 6 4 49 27 24 40 98 38 11 38 55 35 78 24 16 99 
70 56 94 60 35 18 65 9 26 91 56 77 88 72 16 17 51 21 70 81 
30 31 100 78 1 52 22 77 30 6 5 26 85 47 85 89 71 56 48 52 
45 96 22 87 23 50 62 73 36 100 5 16 2 42 69 95 75 74 16 13 
65 26 51 72 86 21 93 31 69 37 52 45 27 53 79 44 13 93 40 5 
65 26 60 32 96 24 63 61 67 97 26 76 52 39 76 75 91 1 42 6 
64 78 51 72 7 74 46 15 55 42 63 8 15 62 45 64 27 29 96 74 
17 51 2 66 15 66 13 17 100 87 25 34 17 94 92 69 34 52 77 34 
69 60 21 95 70 44 99 21 99 34 91 49 43 55 29 51 1 17 47 75 
18 23 60 75 43 57 10 63 56 55 23 39 98 75 23 66 21 61 57 80 
42 77 56 17 62 30 91 6 83 38 76 41 21 2 72 56 83 40 55 63 
68 97 68 7 75 12 62 41 33 72 61 18 73 93 82 67 9 14 73 73 
57 65 50 63 96 91 78 75 37 74 26 33 34 36 92 45 59 54 41 60 
14 85 78 54 71 43 75 7 17 86 21 66 42 60 99 5 36 70 32 34 
56 15 67 25 31 43 78 39 66 13 15 82 7 20 76 39 2 17 90 29 
33 74 85 66 82 85 37 54 40 96 20 2 57 87 42 75 39 99 41 35 
2 62 90 21 100 6 91 28 90 34 31 80 39 83 75 93 46 27 91 83 
17 72 56 55 39 71 31 6 45 31 58 59 29 3 53 7 90 86 55 14 
84 7 18 93 63 92 73 34 94 3 5 84 46 46 58 68 99 10 26 27 
46 43 74 29 35 67 4 61 9 13 68 61 92 75 51 25 2 29 22 51 
5 56 7 69 84 43 40 23 20 45 3 2 45 83 33 42 65 11 95 55 
68 18 27 97 73 10 83 9 32 98 97 70 56 90 73 70 95 34 84 2 
11 6 22 47 19 48 79 93 87 21 26 12 16 9 94 94 83 8 44 8 
32 52 76 88 74 5 91 6 14 67 69 26 3 24 92 98 52 9 53 16 
60 12 45 46 77 42 66 19 100 94 19 1 23 51 98 77 84 66 5 47 
17 35 39 51 21 52 99 42 35 14 29 13 100 25 84 19 13 82 72 17 
90 55 36 19 100 65 39 5 94 28 67 19 58 76 38 68 77 44 16 25 
68 28 81 25 17 98 23 52 99 40 70 64 81 7 12 47 68 48 71 79 
75 8 17 99 26 41 78 75 42 11 100 5 57 90 11 92 4 98 58 13 
45 36 22 8 22 27 73 93 67 95 30 44 19 85 43 50 24 23 99 70 
45 61 85 31 47 16 61 62 20 50 1 61 72 7 82 65 84 18 65 45 
16 78 88 49 43 35 46 26 54 28 9 22 37 95 25 38 29 39 97 82 
75 8 45 42 3 28 12 90 68 12 47 83 71 18 49 75 23 58 76 93 
32 7 80 3 95 76 87 16 60 30 25 5 73 23 32 82 43 91 31 5 
94 6 94 70 65 10 46 77 22 19 70 12 11 88 89 53 18 64 54 3 
79 77 76 52 39 39 56 66 31 60 63 72 73 87 100 92 38 63 45 10 
97 77 9 91 55 12 34 19 31 43 60 28 60 9 86 81 93 29 87 66 
16 52 28 52 10 39 4 19 33 95 15 1 60 84 91 94 31 30 56 14 
82 98 52 39 87 68 19 52 42 60 51 1 53 22 77 44 28 6 94 40 
7 72 21 79 13 57 66 69 16 38 24 58 42 68 62 68 49 77 7 31 
51 60 86 53 75 7 64 54 48 65 10 66 51 70 93 12 19 3 93 87 
93 45 4 3 8 26 34 3 46 29 14 52 43 22 78 12 82 86 40 84 
42 15 72 63 70 75 61 100 28 94 88 69 19 70 66 73 99 3 96 83 
81 6 68 53 99 28 66 63 21 83 22 11 9 53 16 77 4 53 19 83 
49 62 74 59 93 77 73 96 92 59 28 1 35 91 65 72 54 93 66 10 
9 70 56 47 37 2 94 81 68 16 97 68 49 36 65 85 20 75 24 35 
54 50 54 6 28 20 65 53 37 90 82 5 73 60 59 8 75 50 6 95 
55 82 86 68 49 3 52 63 80 83 17 91 46 93 50 59 50 2 60 78 
68 25 94 92 10 80 43 78 59 9 36 63 92 21 14 31 96 80 75 60 
92 1 15 32 47 31 9 51 40 60 11 62 54 25 2 98 63 35 21 44 
16 56 16 81 20 76 36 9 31 14 58 98 16 6 78 98 67 73 33 85 
36 27 40 24 96 19 22 72 45 39 71 99 31 26 27 64 82 36 46 22 
13 41 73 19 22 84 70 1 99 49 79 52 55 49 5 21 17 25 82 14 
11 86 71 35 48 87 31 13 99 36 31 61 95 65 77 16 83 38 47 16 
65 93 88 33 20 48 92 45 98 94 30 80 91 16 27 52 29 96 74 84 
62 20 11 88 21 15 4 36 50 9 37 61 13 93 42 92 59 60 23 24 
78 67 59 10 86 11 17 50 69 76 18 53 40 80 43 65 22 82 39 17 
45 87 96 22 74 67 47 13 46 63 52 25 86 18 47 63 6 33 79 64 
78 75 73 80 41 85 77 25 59 18 55 41 64 7 16 51 77 29 86 67 
91 83 65 49 74 78 19 88 3 89 87 36 97 6 98 12 44 14 66 8 
11 36 98 85 80 13 17 78 38 22 58 80 78 87 45 1 53 75 52 85 
100 96 80 8 53 72 32 18 42 92 26 17 19 11 70 41 37 30 88 94 
64 15 81 62 68 92 76 22 55 66 68 6 98 17 62 61 99 41 69 18 
26 21 42 98 42 15 17 89 86 25 15 30 51 71 86 10 61 53 74 91 
41 34 41 59 1 24 1 42 46 10 80 20 5 51 60 61 5 45 5 97 
56 79 20 23 24 18 85 39 96 42 19 55 59 91 58 68 56 6 1 41 
59 33 53 84 86 6 30 23 48 60 12 80 78 14 49 9 95 9 10 91 
21 7 59 97 80 45 58 48 83 57 94 76 65 65 92 22 22 24 30 35 
42 80 36 15 61 68 24 28 99 26 37 52 26 9 74 6 37 97 27 96 
43 87 80 77 77 15 17 69 5 87 6 23 44 58 20 58 52 56 59 59 
65 48 62 100 72 83 8 38 82 79 100 32 40 16 27 1 35 93 96 10 
34 54 37 10 69 1 56 57 8 35 68 80 76 76 93 97 30 14 5 21 
26 45 61 28 13 7 63 83 70 34 13 85 49 66 62 23 58 81 20 76 
89 76 34 9 73 48 22 92 42 28 73 51 37 85 78 7 15 4 21 58 
67 70 1 54 64 70 95 95 42 34 36 98 34 27 1 99 92 23 57 88 
92 32 25 59 8 10 99 19 33 27 95 29 37 58 42 60 100 62 75 94 
42 53 80 65 19 17 49 6 84 57 23 75 41 75 63 51 91 65 88 90 
100 77 78 6 49 53 1 73 88 15 10 23 1 29 4 99 30 81 53 89 
33 35 22 27 85 19 29 65 57 52 93 41 20 29 67 31 62 36 91 7 
94 80 36 24 24 47 48 45 56 71 60 78 8 68 44 73 99 71 61 42 
71 37 42 8 72 39 52 52 93 17 6 3 62 17 61 75 71 17 33 66 
32 11 75 71 5 32 91 61 28 15 33 29 88 48 48 50 9 40 27 87 
14 66 92 53 9 2 21 89 89 50 93 48 64 78 7 5 43 96 17 59 
27 47 43 76 21 4 69 9 90 11 79 55 56 19 75 32 27 20 52 50 
23 79 81 61 64 87 96 16 63 87 88 22 57 76 97 33 6 57 50 83 
84 8 99 15 7 66 33 42 47 34 91 10 100 2 30 94 21 66 14 48 
1 33 22 92 53 22 62 21 2 83 16 89 98 100 77 24 12 33 21 97 
73 84 100 61 13 10 90 59 31 56 66 12 44 19 18 95 92 11 70 100 
94 23 6 31 81 29 32 14 75 35 47 2 55 59 84 94 5 91 59 52 
61 76 22 22 76 92 24 44 90 89 89 98 57 76 75 97 88 90 84 17 
56 85 34 81 11 22 72 6 49 26 51 21 56 23 83 28 2 96 72 75 
70 75 15 11 55 38 65 62 16 16 17 68 69 22 20 46 1 49 62 97 
37 89 96 69 63 35 54 87 18 35 38 7 65 34 12 6 14 33 95 59 
37 89 51 40 93 82 60 24 94 61 52 67 20 23 5 53 75 34 65 86 
75 74 86 14 78 41 44 88 44 46 68 68 26 32 34 10 90 93 54 1 
65 89 68 23 74 21 74 81 23 83 50 55 54 8 60 54 22 20 71 65 
17 25 70 25 36 50 14 88 84 80 91 11 31 77 40 75 33 49 11 17 
12 91 8 56 18 58 52 8 84 67 21 13 26 8 68 86 26 57 76 90 
21 30 69 11 16 14 27 65 18 58 76 41 90 13 3 91 96 39 70 76 
25 95 86 44 59 33 78 59 97 11 62 34 70 24 37 45 15 99 21 10 
44 1 9 88 40 13 94 94 68 31 74 10 44 59 59 9 23 31 100 71 
20 20 53 74 94 68 63 72 1 76 14 62 49 89 34 80 58 68 15 5 
9 6 69 13 18 91 62 62 18 95 82 39 44 94 62 4 42 68 60 77 
85 69 62 73 93 94 91 59 46 65 57 2 79 65 77 14 27 72 21 57 
2 11 88 95 24 99 63 14 61 88 90 29 20 79 21 34 29 52 100 18 
77 72 80 96 36 71 36 89 62 25 22 19 88 61 63 63 21 71 34 5 
45 54 67 82 98 85 47 75 69 24 65 4 70 97 44 2 89 48 32 38 
20 82 55 79 83 57 33 15 7 60 81 8 86 56 85 77 54 76 92 90 
44 69 39 87 11 33 38 73 9 81 35 13 4 60 70 3 81 34 79 10 
89 28 46 29 33 42 54 41 96 55 76 48 47 39 56 53 32 79 20 97 
53 49 95 50 59 46 21 57 34 28 58 65 20 15 36 74 90 22 32 24 
37 2 51 52 57 15 33 7 38 80 11 65 40 96 46 40 37 44 27 46 
55 31 44 12 23 3 87 52 52 70 97 60 69 41 1 8 47 4 39 45 
73 58 67 75 76 22 39 28 97 2 36 14 76 100 31 71 63 58 38 43 
72 53 36 2 51 9 43 58 48 10 84 79 56 51 41 21 57 60 70 78 
39 77 32 5 88 86 89 82 48 19 91 31 25 32 89 90 24 53 23 51 
45 98 70 41 48 71 19 40 76 38 87 6 72 41 95 31 8 1 40 37 
57 39 49 67 80 30 12 20 64 33 91 67 50 27 8 86 80 8 51 68 
9 6 18 84 8 40 5 11 75 85 23 15 42 81 12 41 60 99 41 3 
54 86 25 26 30 85 26 83 61 32 55 13 27 82 43 67 2 36 10 98 
18 7 89 49 32 85 80 79 82 20 96 40 54 27 71 84 77 89 35 28 
6 59 81 19 23 9 22 32 19 32 86 16 92 62 76 59 63 7 86 74 
50 99 45 52 97 84 8 64 8 14 97 65 36 11 76 65 48 91 31 75 
26 44 45 61 74 11 67 17 10 44 60 94 95 38 72 8 23 94 43 32 
95 68 19 26 47 94 87 36 11 65 30 12 68 33 63 93 68 5 94 78 
22 71 99 38 38 37 45 71 79 8 22 14 70 47 25 94 10 23 96 16 
12 22 91 47 29 38 81 79 97 56 41 92 90 76 32 80 54 19 45 84 
86 86 84 14 51 84 23 11 1 59 46 65 38 87 39 67 100 44 73 88 
46 76 72 53 11 60 53 26 80 72 2 14 7 100 69 38 53 34 1 99 
6 37 81 39 5 42 44 14 81 9 81 97 86 70 68 14 25 98 23 21 
7 44 98 46 43 71 17 25 10 14 32 3 82 9 45 1 83 1 96 18 
77 43 39 75 18 33 23 11 75 46 35 45 52 12 59 52 5 58 100 86 
83 2 66 86 96 67 46 84 65 72 97 60 36 29 89 73 29 94 50 3 
14 37 12 81 55 79 31 24 43 38 86 34 87 8 76 34 54 20 92 24 
74 21 1 39 77 64 65 38 64 7 41 68 37 50 13 19 47 13 8 38 
14 26 47 21 98 68 47 49 68 51 56 25 15 82 6 81 97 23 5 53 
95 22 41 68 77 73 28 13 48 75 32 93 84 86 84 99 14 45 9 56 
95 21 44 63 23 11 98 24 64 90 8 43 45 51 40 20 41 43 76 24 
72 51 62 7 93 94 63 91 89 94 48 31 63 36 93 50 24 26 76 61 
85 30 74 64 66 64 12 28 14 71 13 16 20 28 69 50 84 3 17 59 
3 74 94 38 39 50 8 97 62 45 88 76 44 18 3 12 35 31 47 48 
15 13 91 53 87 83 11 47 46 76 47 29 61 62 29 93 100 91 23 93 
78 7 97 33 34 6 59 82 16 80 83 55 9 73 30 38 55 58 59 5 
6 57 47 2 22 4 15 63 97 1 7 22 36 53 49 88 51 94 6 44 
64 1 75 14 100 64 46 45 32 52 1 26 33 67 83 14 71 4 66 73 
19 98 61 44 19 14 7 12 34 59 72 68 28 80 59 5 31 45 55 48 
51 30 5 88 35 69 50 36 52 92 73 99 33 50 84 50 40 50 16 67 
28 88 21 27 76 28 86 32 22 53 41 60 68 47 91 64 95 75 39 46 
28 30 48 1 76 27 39 6 99 81 98 31 52 46 45 65 71 22 26 83 
99 66 84 29 94 91 92 42 2 6 48 18 56 41 83 31 96 87 92 10 
54 60 98 68 35 11 72 62 97 65 26 34 92 14 64 38 1 42 58 98 
55 96 68 37 51 74 86 52 44 25 38 67 56 30 40 68 45 5 59 33 
31 85 54 44 45 1 62 13 83 77 54 96 91 56 55 19 50 8 45 58 
80 22 73 49 75 31 97 2 21 96 96 67 5 10 59 30 3 74 52 40 
26 31 28 15 21 7 33 20 49 83 68 19 42 97 25 31 44 64 23 61 
11 63 41 84 10 61 67 60 21 93 48 16 2 36 45 60 98 87 26 95 
67 31 75 32 35 14 86 95 82 92 91 90 9 26 80 44 27 85 59 86 
96 98 56 5 48 85 47 83 49 71 22 41 44 85 71 76 78 21 80 87 
33 3 54 89 8 89 71 11 28 27 63 52 96 5 54 6 51 33 64 96 
75 84 73 54 18 68 6 21 25 39 67 60 3 86 47 74 15 96 64 81 
39 89 92 49 32 43 81 93 60 64 39 91 16 28 99 34 10 64 17 85 
72 35 3 70 14 52 21 84 72 8 81 57 51 41 68 58 21 20 8 68 
47 87 63 83 55 17 52 85 71 22 89 41 60 22 45 41 18 77 10 77 
99 93 37 44 38 43 68 47 54 50 77 76 71 41 14 73 45 43 17 79 
70 49 84 53 65 22 43 100 88 30 97 63 21 61 16 82 69 49 49 68 
96 31 23 65 89 94 47 81 85 41 8 59 6 49 88 97 74 37 54 49 
23 10 46 7 6 42 34 19 99 45 18 29 55 70 82 83 8 74 34 83 
76 59 42 6 97 87 95 41 12 15 31 86 45 41 36 24 93 71 39 98 
81 43 94 22 74 52 90 50 29 6 31 71 97 89 100 100 87 22 87 36 
46 78 24 48 31 11 33 20 30 97 79 41 50 81 19 90 9 76 15 53 
76 5 42 25 33 68 92 97 45 10 59 23 17 64 83 42 87 37 48 50 
7 78 98 98 39 97 76 70 21 14 89 53 100 88 19 44 44 46 68 49 
31 32 87 94 72 21 90 82 5 62 73 25 17 21 76 62 35 54 1 46 
46 54 12 46 69 26 30 49 93 50 3 83 92 30 99 93 68 39 63 78 
5 91 53 6 67 39 21 25 15 9 46 22 91 61 48 28 84 55 27 12 
20 17 40 60 1 47 3 88 69 56 13 15 58 91 78 77 31 62 14 18 
47 81 43 57 73 10 26 34 29 75 42 61 43 65 89 12 57 80 91 94 
74 87 88 46 32 22 89 41 93 61 57 7 58 18 8 97 15 57 76 38 
83 75 60 39 79 53 57 7 13 59 35 53 63 93 32 92 84 8 78 52 
78 52 95 94 64 96 5 40 50 99 60 78 47 78 7 80 59 90 52 17 
49 7 91 19 54 77 89 48 94 66 82 20 54 32 1 20 39 52 82 35 
14 15 4 67 81 64 32 34 16 59 46 13 32 41 99 73 4 23 35 76 
65 43 55 6 92 40 45 93 81 85 35 22 86 25 34 53 31 10 32 42 
65 88 11 9 54 39 43 42 48 91 14 42 26 11 35 26 73 60 33 25 
10 88 8 24 87 98 40 84 8 87 49 60 84 17 83 51 36 11 28 48 
24 90 66 80 96 7 40 48 48 89 100 99 7 83 94 19 76 77 48 15 
42 95 45 99 2 67 99 88 50 93 4 25 44 99 63 63 16 94 40 91 
50 2 49 33 39 52 71 69 53 86 81 3 86 27 95 93 14 33 25 76 
27 47 72 30 65 51 45 30 21 96 82 33 10 83 14 81 35 7 29 59 
28 58 58 40 19 74 22 24 60 56 98 2 24 99 49 75 15 16 17 31 
36 34 34 64 5 64 30 36 79 54 42 93 47 8 1 58 78 84 36 29 
54 90 82 27 21 69 97 88 29 49 49 76 73 22 75 69 87 86 93 26 
46 59 100 91 34 24 65 21 22 38 92 100 13 33 78 48 17 3 34 85 
16 11 43 18 39 3 39 44 11 36 71 46 33 54 41 32 86 10 66 33 
68 6 94 81 36 93 80 63 44 47 55 37 27 76 33 77 62 46 69 12 
42 47 92 66 31 25 19 77 39 79 56 65 59 27 62 99 21 24 54 8 
51 37 4 65 19 98 53 45 64 53 29 47 19 94 20 56 85 94 73 42 
4 22 51 94 24 94 68 40 44 60 95 21 14 39 8 45 23 8 37 82 
18 15 95 39 87 97 83 89 34 72 51 31 1 44 68 64 55 1 28 6 
22 9 30 12 100 15 13 41 12 47 15 83 63 89 28 37 33 24 73 9 
71 36 57 64 88 92 85 91 31 31 10 54 79 93 85 59 30 84 42 65 
98 69 86 49 89 89 34 5 50 52 19 95 84 53 7 17 31 58 51 59 
21 32 99 92 42 14 55 76 19 67 39 88 68 74 78 52 76 29 6 31 
5 36 11 33 12 87 65 17 70 46 10 23 52 81 25 15 20 79 28 48 
72 38 24 64 82 36 86 28 33 49 48 50 75 8 6 73 56 66 47 13 
54 73 43 8 45 81 1 9 88 49 28 62 17 40 37 67 9 45 72 89 
24 79 53 59 8 17 29 4 7 43 17 73 2 66 24 42 7 29 28 4 
67 55 47 12 5 6 35 58 89 100 27 46 68 53 55 66 59 50 66 54 
46 65 19 85 79 97 31 21 71 19 80 93 17 9 69 88 80 66 52 52 
74 14 80 16 78 27 76 39 93 43 7 51 44 45 50 89 53 15 2 13 
61 73 55 48 37 3 18 23 43 43 41 83 51 5 85 83 53 83 82 94 
45 41 71 26 30 85 84 12 67 83 15 21 24 7 59 64 3 6 78 17 
18 57 39 37 84 43 67 3 90 39 95 71 96 3 9 49 92 87 50 67 
6 5 41 86 64 63 90 23 28 29 1 6 52 89 60 55 78 40 14 68 
36 67 14 57 29 97 7 58 37 11 89 90 61 1 52 85 78 15 19 59 
4 32 72 29 86 46 74 97 13 87 82 37 100 5 87 33 5 4 48 26 
1 79 23 33 97 100 84 96 86 98 70 93 90 84 73 64 47 32 91 43 
4 84 56 12 46 83 45 95 24 83 48 33 42 77 94 68 54 9 40 35 
96 5 51 65 27 100 85 57 24 12 81 93 79 11 90 91 29 60 70 27 
57 2 87 58 41 49 89 55 43 13 90 56 6 27 13 35 23 5 57 89 
93 45 18 98 8 93 34 79 61 93 57 33 89 45 13 55 73 1 11 41 
20 75 2 81 47 16 30 50 97 37 68 80 21 19 100 99 93 65 6 84 
48 61 86 68 39 37 6 74 99 3 50 91 46 39 74 3 29 84 54 11 
73 10 97 53 37 51 6 88 86 43 88 81 79 8 49 77 36 17 42 8 
42 18 5 89 21 89 39 82 92 40 19 3 20 19 22 98 52 15 60 9 
40 51 63 20 77 74 22 88 19 34 1 49 44 71 96 11 56 58 61 18 
2 51 10 32 42 69 18 45 43 54 38 30 87 26 43 47 12 24 34 85 
29 14 24 28 73 13 87 44 32 21 4 79 8 50 27 90 22 75 96 91 
5 65 32 98 94 52 75 19 20 21 55 36 18 31 53 11 59 60 62 70 
8 35 65 36 25 95 18 91 45 1 30 72 27 78 14 91 5 87 5 24 
22 53 42 64 77 1 61 68 15 88 85 51 13 94 2 30 18 72 48 33 
42 84 59 92 20 48 8 27 73 69 8 53 66 73 36 11 6 86 57 4 
15 66 36 40 87 12 77 5 82 97 63 69 82 74 91 90 53 27 50 55 
58 81 64 72 23 92 23 39 10 92 11 95 91 93 43 41 41 45 16 9 
99 12 25 3 72 70 62 79 54 28 97 70 56 84 45 43 86 50 73 29 
69 39 61 21 31 98 55 77 27 23 77 26 41 91 12 59 33 9 44 72 
38 26 47 58 74 84 27 71 10 84 72 48 38 21 78 29 46 31 94 94 
75 60 50 43 41 98 18 17 21 45 6 87 14 54 21 21 92 99 83 60 
68 89 22 54 46 12 61 5 8 14 5 54 14 11 25 50 19 59 18 40 
99 41 82 40 45 78 20 16 99 57 51 18 95 57 6 17 93 68 48 71 
74 55 81 6 23 13 57 73 86 100 3 14 76 5 73 93 88 88 26 55 
23 65 4 56 48 9 23 2 22 47 38 52 32 92 60 90 48 9 34 9 
47 68 15 73 63 90 12 68 22 40 37 98 99 75 11 23 75 92 87 53 
49 63 63 7 21 95 32 26 13 91 40 89 61 12 9 10 81 27 65 30 
84 12 99 65 3 15 74 72 15 14 97 6 99 67 87 2 6 60 4 57 
47 28 63 51 45 35 57 68 89 24 61 11 34 50 78 55 21 62 63 52 
97 16 97 81 36 24 74 71 78 73 27 48 54 98 51 1 6 73 11 45 
92 70 33 15 91 89 17 93 7 99 8 58 40 92 83 49 31 76 88 20 
82 24 75 79 45 63 24 80 77 23 43 23 62 96 40 78 96 98 12 87 
93 26 79 49 89 40 67 72 33 82 21 19 57 56 63 54 72 91 94 100 
14 75 69 71 50 46 77 75 16 68 71 33 20 52 39 20 11 80 73 28 
57 35 37 12 96 14 27 93 29 29 77 9 96 83 25 13 12 9 38 87 
40 55 54 79 31 95 51 8 63 95 78 17 100 17 61 81 51 97 83 8 
77 5 22 95 60 27 27 57 46 84 14 95 47 44 69 60 16 90 13 13 
64 97 4 93 62 15 83 9 33 37 31 22 63 55 3 41 33 82 40 67 
89 83 65 48 78 45 72 66 64 10 20 43 83 58 92 27 50 29 28 79 
39 94 83 20 97 96 1 8 68 52 78 90 88 26 47 69 60 32 35 35 
81 13 32 74 88 79 99 10 48 72 53 84 28 89 39 70 35 87 93 24 
40 69 39 63 61 50 48 17 78 73 46 64 75 30 9 17 30 91 59 87 
46 67 80 48 81 69 44 24 38 68 21 85 82 58 33 6 32 34 24 15 
44 31 9 64 26 6 75 90 54 82 30 26 37 14 63 67 1 78 24 26 
78 88 27 59 50 42 90 63 6 35 95 64 21 62 45 73 24 63 90 43 
63 73 10 43 96 94 21 72 53 21 24 99 62 10 18 81 59 69 52 26 
55 20 81 96 70 86 20 9 68 36 10 65 50 43 53 41 32 98 73 100 
20 65 5 60 43 38 65 61 45 51 45 78 26 69 98 15 38 16 51 13 
28 2 56 47 30 32 26 82 64 26 5 56 83 3 73 42 44 93 42 73 
74 61 44 84 12 42 67 92 30 95 39 13 81 19 50 87 12 13 76 72 
86 62 32 46 6 25 86 30 66 33 52 98 95 31 72 69 4 40 2 41 
9 91 30 53 82 22 45 11 28 49 69 44 62 95 38 14 48 49 50 31 
45 37 31 52 87 23 35 2 43 46 85 4 96 5 58 33 87 91 62 92 
97 64 52 82 2 64 3 78 26 18 87 40 64 54 83 86 48 95 56 14 
72 84 62 66 67 28 34 40 66 83 83 30 68 82 89 89 83 50 75 52 
11 77 36 32 7 14 72 57 38 30 71 84 8 59 83 11 25 48 86 79 
25 33 26 69 8 16 56 55 99 12 66 26 32 57 80 44 3 28 34 26 
38 77 100 43 10 86 90 94 26 13 93 10 12 57 42 16 46 45 49 90 
42 22 20 54 13 22 57 92 56 80 33 51 20 74 11 12 80 25 97 77 
56 36 13 45 84 48 42 21 65 74 76 23 16 28 49 32 29 97 18 48 
5 3 34 32 15 60 89 31 55 49 11 18 52 88 25 16 100 40 44 66 
42 33 98 70 63 91 62 22 48 69 95 39 35 72 67 39 7 64 32 92 
49 73 43 50 81 2 49 6 34 52 59 36 40 88 53 66 38 18 1 90 
99 18 72 75 1 8 93 74 46 44 57 74 86 93 67 9 93 41 61 57 
27 73 99 23 84 59 98 37 95 25 71 42 30 20 77 54 36 77 77 47 
94 87 61 11 26 45 90 30 36 93 17 23 65 45 76 18 22 65 6 21 
3 41 17 80 80 12 95 29 12 89 41 100 47 9 22 85 3 18 84 55 
79 42 54 17 40 47 30 19 89 18 31 47 65 37 5 81 82 25 84 68 
72 68 15 81 54 87 5 37 96 71 53 62 14 37 26 34 52 44 73 56 
14 90 11 99 62 1 9 24 23 87 57 30 36 44 21 76 86 92 87 91 
23 13 37 32 92 17 34 96 3 7 9 98 48 86 96 9 49 94 100 59 
16 87 74 61 66 31 85 4 44 88 95 90 4 94 37 13 54 50 67 37 
12 84 82 85 36 100 88 100 55 23 77 36 65 40 80 87 59 85 62 20 
80 72 4 68 77 45 87 61 31 69 87 15 97 7 29 25 9 27 5 14 
11 8 10 44 61 91 97 61 94 72 40 53 41 31 72 75 75 75 88 64 
12 97 80 71 87 49 20 93 60 84 45 41 98 14 66 75 56 78 67 87 
17 74 6 31 96 17 74 80 81 2 41 81 76 54 76 72 17 93 60 75 
69 53 91 66 64 80 9 89 60 3 12 85 84 46 82 22 4 6 30 43 
80 57 76 9 60 57 57 65 63 3 86 53 75 9 71 21 32 62 71 18 
2 29 6 66 92 25 83 93 50 75 48 72 67 84 59 16 60 13 85 53 
11 56 96 80 7 25 33 25 66 24 16 29 73 77 68 27 45 57 97 86 
74 23 80 30 44 36 84 34 91 94 74 25 83 35 60 16 84 32 37 20 
40 43 40 59 18 2 34 17 54 1 4 7 43 47 62 3 19 12 49 39 
29 33 83 26 43 4 8 52 51 90 63 64 31 6 71 48 44 80 55 1 
3 26 89 1 77 38 14 25 9 88 80 2 7 57 88 13 32 8 74 53 
7 87 67 38 94 46 69 8 9 56 69 6 86 14 30 19 57 16 68 53 
70 20 71 4 17 54 17 73 61 98 89 20 13 8 61 74 87 5 63 51 
33 64 23 39 68 24 8 11 87 25 8 63 65 41 81 93 3 40 42 4 
84 6 13 87 85 96 34 92 46 9 7 92 26 3 85 27 24 60 4 99 
26 46 35 82 67 63 2 53 3 96 19 96 94 76 10 62 26 92 60 95 
12 90 94 21 85 30 68 19 100 7 60 41 63 78 59 96 87 8 22 40 
48 61 24 23 93 97 72 87 68 62 92 44 1 58 13 56 4 67 2 83 
84 88 21 31 70 53 45 3 10 42 65 41 88 36 41 14 89 68 95 9 
32 36 39 52 68 39 54 26 95 29 32 39 73 11 96 98 13 68 74 60 
64 80 19 22 100 16 11 48 66 66 35 75 98 6 83 80 10 1 3 58 
98 92 54 95 3 25 28 45 51 74 4 43 16 10 4 9 51 25 84 27 
78 14 84 38 97 54 62 83 66 86 15 86 72 97 13 78 49 25 20 74 
30 87 81 11 38 69 40 39 65 83 93 69 24 12 66 54 26 30 27 32 
13 24 73 44 73 7 99 69 64 51 82 27 23 20 28 46 15 36 11 11 
24 71 27 52 6 40 69 14 33 73 45 82 34 47 31 37 10 50 21 1 
71 88 17 77 89 44 89 50 67 4 2 3 33 96 80 65 73 19 82 12 
25 88 98 78 26 69 36 73 51 19 4 59 35 31 97 8 17 59 19 8 
25 7 95 89 23 62 38 23 72 20 23 14 34 6 85 20 53 84 40 64 
87 93 55 86 95 20 58 100 82 30 92 64 58 27 40 15 44 34 63 61 
99 55 13 53 81 51 18 56 22 59 23 90 67 88 25 73 100 75 100 40 
85 75 95 74 77 24 83 31 76 38 1 94 56 81 69 1 14 80 29 22 
82 47 65 34 30 9 56 99 2 25 27 50 49 17 100 21 35 100 38 53 
88 29 15 63 13 69 10 98 68 39 94 77 20 2 78 53 5 59 67 97 
96 81 3 88 59 33 59 38 56 73 15 75 36 88 49 97 86 99 15 88 
36 75 41 62 1 66 42 35 15 66 58 19 83 60 60 51 51 65 8 78 
39 35 28 51 71 93 95 69 32 96 2 18 37 89 46 41 24 87 33 40 
69 23 81 37 38 28 98 71 56 48 95 79 25 24 52 79 98 83 97 82 
78 31 50 37 12 51 69 98 2 60 28 100 71 48 36 74 46 27 45 47 
63 14 57 33 93 90 31 89 48 59 11 18 98 52 7 65 61 88 83 33 
86 21 1 46 12 24 71 80 62 13 66 53 79 88 40 22 100 28 68 50 
10 48 45 51 97 19 48 26 7 56 78 69 33 90 94 16 9 24 86 49 
19 17 19 95 41 57 9 76 73 79 9 65 96 6 87 71 29 5 55 80 
94 40 59 16 43 28 45 48 1 22 93 66 21 15 66 18 40 2 77 48 
49 90 25 76 73 85 9 23 54 57 67 86 95 51 15 100 55 6 60 51 
21 13 88 3 11 31 65 2 29 65 6 11 35 93 52 93 1 98 31 70 
36 72 96 13 6 29 80 38 82 12 77 4 56 93 15 83 45 29 10 66 
44 88 74 18 52 28 63 29 98 52 58 30 13 21 47 30 78 79 76 97 
79 7 66 89 19 83 3 52 49 58 88 28 52 66 75 20 88 12 24 4 
37 15 4 41 36 20 62 38 20 96 70 99 7 66 61 92 45 98 26 4 
56 38 58 14 5 96 51 11 10 44 40 2 85 20 38 25 91 33 10 84 
100 72 45 18 34 41 100 34 95 50 78 92 41 71 74 81 84 33 61 9 
23 97 43 46 95 58 77 59 38 33 99 43 73 60 67 84 71 28 46 7 
21 12 97 16 54 3 23 61 57 93 77 20 38 57 34 98 82 13 83 74 
15 71 66 62 55 7 51 38 98 72 99 39 30 19 41 36 15 57 57 86 
52 57 55 65 44 90 43 52 48 70 42 53 95 43 77 94 51 89 61 19 
8 56 91 26 87 63 80 91 89 70 64 59 51 96 35 55 68 72 4 41 
53 4 13 63 65 26 2 27 57 78 9 14 33 49 86 3 15 5 4 14 
79 21 60 18 97 78 69 56 79 21 75 1 50 51 8 61 14 71 7 17 
60 39 91 26 8 58 12 7 27 60 80 86 31 2 61 73 20 67 61 14 
85 71 90 3 15 12 22 92 41 74 26 91 37 31 83 17 82 71 65 46 
95 44 96 40 26 49 83 1 76 88 95 34 1 65 8 25 11 14 65 13 
16 48 58 47 87 79 45 1 74 88 6 96 78 30 84 3 95 79 6 86 
47 60 7 40 51 92 20 9 63 45 64 11 87 76 30 51 39 29 53 74 
77 86 25 37 96 88 96 46 67 15 79 11 34 96 77 40 1 19 88 72 
18 89 91 84 7 90 8 72 5 64 32 58 91 20 83 52 58 49 96 32 
53 97 80 98 100 38 73 62 84 22 3 30 81 59 70 22 36 2 19 50 
60 85 52 92 27 58 37 94 64 38 32 42 95 6 87 5 94 24 76 89 
51 26 21 39 80 58 73 99 9 33 91 28 32 62 70 99 97 45 9 87 
37 9 68 12 85 69 74 93 95 86 48 90 52 62 30 22 66 91 57 44 
67 82 84 52 11 58 59 92 26 4 57 87 58 45 84 94 84 26 55 94 
33 82 35 53 11 46 54 8 83 84 56 68 61 62 90 4 74 29 69 71 
78 35 31 26 66 22 41 64 96 26 68 72 32 34 63 86 65 98 45 94 
32 31 23 41 44 92 65 37 24 28 38 52 89 87 53 68 22 45 81 81 
96 96 23 66 73 26 46 85 22 23 23 77 37 16 95 17 84 40 2 71 
18 34 16 6 37 83 10 80 82 81 97 94 69 12 91 49 28 68 7 29 
61 100 73 64 45 86 54 2 16 86 87 66 43 23 5 59 9 91 17 3 
85 22 34 68 6 23 75 97 92 98 53 87 6 53 45 94 97 17 66 21 
84 55 9 49 37 63 20 21 63 92 60 77 35 93 78 56 72 92 17 58 
18 51 78 80 87 19 88 42 21 77 13 57 10 78 89 86 32 55 25 89 
31 13 86 14 90 45 39 33 6 59 16 48 81 56 85 13 6 45 87 21 
4 98 61 41 83 3 77 43 49 22 100 47 22 54 11 93 63 22 36 90 
89 76 76 51 50 68 30 49 7 59 52 83 22 9 20 60 74 23 27 25 
36 53 9 98 16 99 15 68 97 65 8 6 41 8 97 90 48 7 17 99 
11 62 33 76 12 62 20 51 88 73 21 39 28 63 96 68 36 9 10 89 
18 41 41 82 89 30 79 58 92 17 30 98 73 5 72 60 98 39 72 11 
40 65 77 95 18 96 57 95 11 19 8 49 82 82 38 70 70 95 55 51 
86 75 41 31 62 80 83 22 95 18 36 13 52 28 74 75 25 56 32 80 
76 46 54 8 34 12 15 74 23 34 55 65 61 16 98 6 18 60 9 95 
12 38 20 60 20 97 27 61 58 44 81 3 76 84 22 62 42 16 72 85 
1 55 76 3 70 37 70 47 52 28 90 7 44 100 48 35 81 20 50 39 
49 55 12 67 95 39 21 78 65 77 93 85 91 14 46 71 24 29 35 33 
21 44 69 62 48 31 28 9 79 26 86 65 85 78 82 62 24 95 92 57 
19 36 74 68 94 44 62 75 24 48 94 66 20 81 20 96 99 87 16 7 
65 17 47 1 82 31 61 94 96 46 9 7 46 64 63 87 14 20 14 92 
97 6 60 60 18 57 14 16 34 20 16 9 64 44 77 73 46 92 39 28 
82 66 42 4 7 25 88 46 94 98 32 38 24 16 27 56 91 2 24 36 
81 11 81 43 75 68 16 15 66 37 50 12 30 39 97 92 61 47 30 36 
22 79 39 29 81 81 73 78 22 88 52 66 55 31 81 60 71 27 72 29 
1 32 48 78 62 95 44 55 86 51 79 35 92 74 58 52 63 33 92 5 
71 34 35 91 65 84 1 65 100 40 53 20 88 75 35 17 72 8 50 8 
82 88 12 37 69 39 79 64 58 100 94 67 67 4 41 99 74 67 74 15 
81 35 64 95 98 26 93 35 60 97 50 76 78 66 22 63 32 42 25 26 
48 39 70 50 18 6 38 77 39 71 50 52 78 85 75 68 85 35 89 26 
3 59 78 83 26 62 15 13 90 28 80 31 30 34 92 55 3 25 59 86 
39 84 27 72 25 41 91 85 65 84 3 71 53 37 1 89 65 7 49 11 
38 56 67 50 3 27 83 42 7 60 34 91 11 87 19 61 99 35 81 31 
44 84 67 38 97 51 15 25 96 29 27 100 70 95 36 82 81 28 49 87 
94 87 97 22 83 55 24 85 83 40 11 94 83 72 93 78 35 98 84 61 
6 89 4 9 22 24 7 66 40 36 77 85 63 59 74 47 38 60 85 2 
34 75 51 30 36 79 77 1 73 88 4 31 76 34 50 55 8 67 26 79 
9 84 3 90 90 43 63 8 85 3 30 54 51 72 32 67 15 33 27 97 
20 43 3 44 77 80 16 71 9 96 78 33 48 26 80 68 24 47 91 12 
91 6 3 1 40 72 85 68 52 54 39 47 99 63 10 44 70 35 38 48 
56 24 43 76 100 17 6 76 57 60 17 70 45 32 96 61 77 30 76 34 
5 27 53 51 36 23 83 74 7 68 64 61 10 46 1 60 69 70 66 90 
84 17 35 31 94 90 17 69 19 10 32 33 25 31 93 93 31 47 79 88 
31 42 62 37 82 31 65 4 85 27 92 5 10 26 36 79 43 98 22 44 
26 89 17 41 18 2 68 80 93 67 59 4 7 86 44 57 50 61 45 1 
98 59 97 39 14 79 76 69 87 91 83 63 97 21 91 30 13 45 64 37 
6 64 41 43 26 83 74 57 70 98 87 47 48 30 79 58 49 77 11 59 
79 74 88 18 9 41 46 15 65 87 87 77 89 93 19 33 69 85 1 25 
71 14 97 70 72 1 16 19 6 63 29 75 27 73 9 93 77 58 74 45 
50 52 55 61 7 54 43 2 75 100 15 33 57 23 53 38 57 91 2 62 
22 98 50 14 66 82 31 19 26 62 35 4 42 25 6 12 99 96 3 49 
5 33 29 76 35 23 93 22 20 52 15 14 37 13 62 12 53 85 88 85 
84 20 17 16 95 21 90 33 74 74 82 76 46 19 36 35 58 85 91 28 
97 61 13 93 30 24 82 5 3 28 65 64 22 76 8 5 29 80 41 79 
19 92 31 53 76 50 10 43 17 62 18 66 15 57 6 97 94 55 60 97 
89 21 95 82 52 91 33 99 49 39 74 31 59 30 68 57 92 83 9 85 
77 49 46 49 31 72 49 47 88 43 45 67 38 36 24 19 28 28 42 61 
55 29 89 85 62 81 76 32 56 69 71 4 9 86 43 60 84 70 82 19 
85 35 22 92 39 99 18 9 7 71 21 60 34 10 98 57 67 80 35 89 
16 20 86 23 62 26 45 85 11 40 93 37 28 55 69 24 36 40 24 38 
24 9 56 68 66 34 97 19 55 44 93 18 43 77 57 89 56 31 52 46 
36 1 86 16 2 44 68 47 96 47 2 44 52 45 97 57 88 86 66 26 
81 64 94 1 2 39 71 35 50 11 32 68 6 66 13 89 67 49 61 16 
12 34 63 53 74 59 26 6 92 41 97 55 10 12 18 31 81 6 98 13 
49 86 17 15 93 74 78 9 86 30 62 57 31 79 69 77 44 12 25 61 
98 40 34 2 41 4 10 68 55 66 21 27 92 19 3 51 62 97 29 82 
36 92 14 32 61 21 27 50 58 39 9 4 13 46 1 51 55 1 76 75 
60 8 72 4 64 22 23 76 65 63 34 100 60 85 57 6 68 61 29 87 
21 24 90 56 69 23 42 70 99 74 93 18 57 79 3 22 88 79 35 97 
81 65 10 77 51 4 35 79 70 25 47 95 9 92 12 41 23 59 78 14 
34 75 2 67 94 20 42 79 29 27 4 87 79 58 83 43 100 54 88 91 
79 72 5 31 5 14 87 50 55 39 79 93 92 65 9 27 78 70 5 24 
91 5 23 90 83 90 38 52 44 53 20 13 32 51 8 7 38 74 91 13 
36 10 70 1 12 83 52 42 42 93 21 97 53 5 50 22 75 70 68 42 
94 64 3 59 89 76 74 19 3 64 32 28 27 76 52 55 7 81 69 24 
73 81 32 21 67 92 11 99 30 69 84 1 99 60 41 7 65 54 40 18 
41 61 86 32 47 10 12 86 32 56 98 20 16 59 67 42 94 45 29 8 
78 19 13 47 19 59 70 42 69 53 91 9 68 12 25 29 73 71 49 20 
80 15 6 84 75 42 3 54 34 20 59 39 8 17 33 38 49 59 58 15 
100 6 61 49 3 13 89 27 4 87 49 27 54 10 28 2 9 6 30 42 
31 18 91 86 31 50 99 96 98 68 73 20 11 36 100 80 6 5 15 5 
97 10 43 5 31 6 30 67 2 92 90 42 95 85 80 10 84 2 18 23 
9 5 16 47 49 31 38 98 83 39 5 44 68 21 47 64 59 78 79 6 
32 67 37 78 21 12 10 78 26 86 48 76 71 34 49 93 19 4 57 89 
7 12 64 29 20 64 56 40 97 78 7 85 92 27 13 57 35 100 1 28 
74 40 60 98 43 31 38 90 81 34 19 19 97 30 93 14 17 41 52 87 
74 38 42 70 77 29 69 12 41 31 69 62 3 67 74 23 62 85 45 74 
86 89 38 46 42 47 59 87 81 86 94 43 97 35 48 99 65 56 9 24 
53 96 66 93 78 96 26 29 36 59 68 17 74 70 73 44 9 62 93 46 
17 58 63 70 11 24 53 10 24 24 84 26 52 63 72 97 23 85 68 89 
48 65 98 94 15 35 100 9 68 48 61 17 32 45 49 46 3 38 18 16 
19 5 96 77 32 17 4 22 81 53 69 91 86 55 62 51 62 11 47 91 
31 60 94 37 48 100 61 4 98 51 1 96 34 4 96 84 61 81 40 56 
93 48 75 79 16 34 22 2 98 11 86 57 87 30 87 6 45 98 23 63 
100 89 27 100 76 52 16 74 79 28 25 50 82 11 55 81 75 41 1 31 
25 81 41 94 28 67 2 100 68 80 76 97 48 84 57 46 13 74 36 96 
65 72 72 30 37 13 21 12 10 37 87 28 7 60 52 79 57 94 2 27 
77 12 74 28 58 14 9 59 71 89 21 86 7 7 91 58 65 87 38 41 
70 53 72 16 61 84 39 72 15 75 11 98 59 92 22 37 87 37 9 63 
27 81 81 96 2 73 24 62 99 23 16 56 86 69 44 54 99 82 7 21 
17 22 21 31 95 76 73 88 31 21 75 22 56 58 13 2 86 84 45 12 
31 11 85 33 20 41 55 75 52 77 74 25 20 92 93 76 84 82 98 1 
61 44 29 99 52 29 26 63 34 38 64 11 72 66 88 100 85 6 25 11 
12 90 9 73 88 84 45 90 55 92 12 11 22 64 90 63 67 89 14 93 
99 7 84 98 94 1 16 4 24 43 39 66 29 99 29 38 24 11 2 96 
55 46 17 44 66 84 73 55 46 34 50 26 4 41 45 50 26 19 79 46 
29 45 15 47 73 46 32 46 8 27 52 24 61 14 28 10 52 85 64 13 
89 21 27 14 82 70 50 47 56 56 32 47 98 78 2 96 8 71 36 77 
26 38 16 4 69 62 76 74 12 58 10 49 55 1 84 99 4 1 69 5 
60 73 83 80 96 92 49 59 19 68 35 65 67 56 44 5 2 13 11 20 
55 7 95 45 25 50 8 72 19 55 5 43 68 93 84 40 6 15 2 53 
85 99 79 28 70 3 90 63 4 92 92 15 29 13 31 51 6 45 37 80 
79 58 58 50 43 100 75 6 10 13 43 30 40 51 27 40 4 17 68 54 
81 10 99 53 53 2 98 89 27 85 58 20 79 89 61 87 31 42 8 77 
32 4 15 77 9 73 91 59 88 46 64 86 58 47 60 8 60 12 40 81 
43 2 7 80 20 65 80 12 36 60 51 42 41 16 97 56 42 76 63 29 
8 80 57 74 54 39 52 77 17 95 34 87 31 52 100 64 45 52 44 25 
92 89 56 5 9 51 67 25 79 32 87 52 60 25 62 67 75 23 97 76 
1 42 58 5 27 24 5 31 71 93 53 64 48 94 87 26 51 95 64 85 
84 74 87 11 49 28 25 85 89 90 4 40 32 25 17 34 22 29 70 27 
85 8 68 63 19 65 29 84 20 75 100 36 43 64 35 77 19 50 25 52 
85 64 29 27 65 28 56 77 1 12 59 14 56 98 15 32 38 24 76 77 
11 96 11 82 3 24 55 75 85 62 38 28 43 98 81 43 100 16 77 39 
35 7 20 77 52 38 23 13 64 87 45 91 61 77 5 98 98 42 51 49 
8 12 8 72 34 35 42 17 79 24 90 64 25 17 49 56 20 16 85 23 
79 60 29 99 14 46 54 61 56 93 75 99 19 96 11 85 87 83 54 65 
11 40 61 64 90 31 90 74 12 69 92 77 91 85 6 57 85 43 94 19 
27 21 100 72 59 87 87 71 85 79 31 55 55 93 64 86 11 7 72 41 
89 72 99 97 65 94 38 77 98 21 61 88 84 26 8 41 8 68 77 98 
41 50 79 7 1 90 98 83 24 60 33 87 51 81 32 37 53 13 32 90 
54 43 23 88 26 73 100 63 21 68 51 78 18 24 45 96 53 15 67 12 
20 2 3 29 5 33 10 26 70 32 47 81 25 17 17 11 42 21 93 80 
90 93 82 54 9 86 97 83 20 68 2 26 19 38 20 71 68 39 89 28 
49 34 57 54 54 96 5 12 79 22 17 20 21 29 75 40 94 51 46 16 
53 58 69 92 94 35 74 69 96 23 21 39 85 32 17 65 98 11 20 24 
71 25 54 5 87 72 28 22 80 27 94 95 42 36 35 37 13 89 3 98 
84 53 58 30 95 65 99 26 17 71 95 79 14 73 67 65 75 96 47 85 
28 18 84 71 16 35 28 96 63 25 97 23 36 78 84 75 54 1 23 64 
78 30 24 13 93 2 68 94 6 87 62 89 57 25 80 54 17 98 44 6 
25 93 55 25 97 21 83 48 59 4 93 1 89 86 37 98 16 80 16 30 
79 45 75 93 80 75 90 70 89 45 80 43 3 40 33 74 19 55 35 26 
2 31 93 67 35 18 61 73 82 100 57 37 100 8 48 95 96 21 75 96 
52 44 94 15 24 7 95 22 61 90 24 61 58 69 91 55 72 47 24 87 
48 17 82 65 81 34 15 93 30 14 9 100 65 4 79 2 40 64 61 15 
56 56 63 100 36 31 72 41 31 4 49 20 93 16 31 49 43 18 71 92 
33 66 85 2 96 80 95 87 60 42 27 11 44 89 94 37 59 60 30 20 
49 69 30 56 58 8 28 40 78 5 44 64 42 81 7 5 54 8 99 24 
52 34 77 27 4 72 66 90 48 24 82 74 37 99 90 51 3 65 13 83 
89 50 94 84 57 96 100 70 23 65 13 67 39 58 71 31 60 97 88 92 
10 23 93 5 16 24 49 60 79 55 75 38 17 85 49 34 29 6 98 42 
22 74 27 77 34 33 25 43 41 4 34 3 14 50 5 34 45 95 99 81 
62 75 48 53 77 54 33 60 71 99 59 51 16 71 27 49 76 32 100 71 
15 9 14 26 48 60 48 37 25 97 24 40 89 16 85 27 94 14 70 83 
18 32 13 49 44 1 67 49 62 29 70 74 25 9 35 31 59 69 64 9 
64 4 45 6 16 62 23 81 64 32 52 23 31 80 50 74 15 55 66 43 
44 23 96 34 24 76 68 24 87 53 47 64 41 91 12 50 90 62 76 24 
58 53 68 40 57 55 1 84 48 1 76 72 65 42 55 17 67 92 55 82 
26 53 72 68 49 86 10 10 84 91 14 14 52 99 36 61 73 58 81 24 
4 56 44 76 26 7 1 43 55 55 63 85 61 37 27 10 47 58 23 96 
62 17 15 63 3 8 45 51 75 19 56 90 83 42 56 67 18 5 44 86 
59 40 64 81 71 63 20 98 8 54 32 90 43 73 13 41 67 92 48 79 
86 69 41 66 56 66 91 93 57 12 35 5 60 64 58 57 22 57 70 24 
7 34 83 38 3 86 18 30 79 41 95 78 19 57 96 56 39 5 97 37 
17 37 81 11 46 58 81 71 38 70 51 67 65 35 90 92 11 8 28 40 
12 25 4 27 41 1 1 15 22 89 54 52 92 46 100 5 8 30 65 77 
68 83 14 97 6 72 100 10 27 24 18 93 50 92 90 69 49 76 16 88 
30 21 39 30 70 38 95 39 51 32 42 40 84 34 96 32 29 5 56 82 
98 9 16 1 44 100 68 47 58 91 85 3 38 17 62 99 64 70 18 17 
82 65 45 92 17 62 11 77 74 7 68 6 33 3 98 66 26 87 20 82 
13 8 33 44 52 38 100 19 74 28 33 66 86 4 68 100 19 28 60 91 
23 93 11 76 27 38 20 71 33 100 57 58 9 57 98 47 92 23 61 25 
27 27 24 64 18 1 40 70 36 94 59 88 29 59 61 29 69 79 90 87 
41 68 59 67 39 62 41 99 15 57 54 87 71 76 55 73 75 25 26 8 
34 11 73 66 55 9 58 36 71 13 64 39 69 94 70 65 15 74 31 78 
21 98 49 11 48 9 74 14 65 51 16 59 41 95 80 79 3 96 74 71 
100 93 78 39 42 94 98 83 8 37 90 10 81 56 88 70 55 96 9 23 
31 67 4 71 38 91 78 29 81 47 13 44 84 30 89 83 91 96 87 55 
47 91 88 44 44 15 5 79 15 29 5 91 25 42 80 27 32 66 41 8 
10 39 79 36 40 32 95 22 57 73 77 79 15 40 43 15 29 69 6 20 
38 95 88 64 76 87 70 49 88 56 99 30 78 87 8 99 76 67 85 93 
20 8 40 63 25 13 25 13 65 28 94 43 28 78 3 68 84 90 29 59 
94 22 94 89 84 55 4 17 55 68 24 89 35 98 84 49 41 70 17 8 
87 11 33 5 46 54 7 24 56 20 12 50 61 19 16 39 1 19 32 13 
34 58 62 16 62 49 14 80 21 29 82 66 4 47 58 62 8 64 6 100 
9 56 73 18 94 95 8 50 8 32 58 49 93 57 65 38 38 11 64 71 
80 4 6 29 100 79 3 78 57 43 58 52 31 22 31 31 16 98 22 11 
26 57 47 87 67 14 11 41 7 84 72 75 56 6 16 33 98 27 99 81 
90 83 34 23 85 86 6 25 80 69 66 33 46 38 100 92 16 71 66 23 
16 39 36 44 78 72 92 100 63 23 74 6 98 44 89 42 7 97 82 3 
26 39 60 14 41 28 76 100 61 35 41 78 58 95 62 2 33 33 30 100 
98 76 60 58 26 11 25 94 78 78 7 42 21 9 72 68 82 26 38 82 
10 35 96 12 97 87 44 44 66 85 74 63 20 73 18 77 45 96 61 45 
14 34 66 54 85 66 22 100 23 76 48 16 26 33 7 53 72 20 16 100 
76 80 16 99 44 83 6 39 84 41 33 83 74 44 37 55 31 98 78 66 
49 99 33 12 2 52 2 19 95 16 9 68 88 3 33 41 99 81 53 92 
95 48 21 86 59 36 1 28 99 85 20 42 94 62 16 51 17 41 53 45 
87 74 51 21 54 33 79 76 20 55 15 83 85 48 93 48 9 14 38 63 
48 36 17 24 62 9 91 53 44 79 52 82 8 3 6 63 9 75 63 42 
49 73 53 1 55 2 97 50 70 59 61 82 63 54 47 91 96 96 81 70 
74 38 3 75 25 58 65 69 53 63 42 65 31 48 53 35 96 60 61 92 
65 34 8 82 20 71 76 48 85 24 42 61 64 86 62 16 15 71 91 89 
7 27 50 22 92 3 5 42 89 8 34 30 56 7 61 59 49 48 46 83 
89 72 94 19 54 88 97 89 93 55 73 1 47 91 9 81 96 70 63 53 
37 54 74 72 12 99 91 81 45 72 55 72 71 65 57 77 79 99 65 57 
48 96 4 26 44 5 21 90 78 98 49 99 5 37 94 9 76 69 73 83 
18 91 77 7 75 69 88 65 96 71 96 77 12 64 40 52 23 51 4 56 
19 9 46 83 77 89 19 91 33 57 13 74 9 86 74 3 83 35 33 55 
20 21 43 90 20 39 37 71 68 4 93 69 35 10 6 74 32 6 23 16 
6 15 82 30 45 92 85 30 16 16 13 53 24 20 39 86 52 40 16 10 
86 33 67 7 53 42 44 84 34 9 32 72 96 4 52 63 79 45 33 38 
37 50 9 69 35 40 30 45 61 39 63 35 73 37 60 67 5 35 78 21 
12 49 84 97 74 99 59 57 54 74 60 71 83 20 71 16 42 14 50 37 
39 12 63 12 54 40 87 65 100 56 23 100 78 38 69 54 53 21 3 64 
71 33 53 55 33 82 12 42 89 65 10 12 85 88 5 14 73 31 40 72 
86 22 91 39 7 84 22 18 21 29 88 39 53 45 48 69 37 77 45 35 
43 17 6 76 8 34 67 12 1 24 35 46 50 92 62 92 28 88 30 90 
73 67 78 75 17 51 33 48 87 84 85 15 97 51 81 55 24 98 3 20 
31 66 96 61 21 70 49 48 29 14 31 22 42 23 5 100 3 29 76 9 
16 31 71 73 98 10 29 61 52 4 92 16 14 90 35 82 2 40 26 3 
53 52 40 54 71 26 69 82 38 46 94 28 64 90 17 74 23 34 93 92 
88 57 82 18 91 2 8 57 6 27 70 85 68 56 25 9 77 19 98 85 
11 34 53 29 78 10 66 14 31 23 97 35 5 41 52 44 30 25 60 21 
81 6 57 93 3 73 34 33 83 59 57 16 97 18 2 23 47 87 22 61 
47 6 13 93 11 78 48 50 18 19 9 32 86 25 96 32 6 79 99 24 
54 40 36 16 1 53 6 80 30 91 61 87 82 38 65 91 25 10 13 98 
3 33 64 64 85 81 57 6 16 11 100 67 61 44 1 61 46 51 11 14 
100 76 23 32 37 72 58 73 72 84 59 15 90 46 78 46 88 45 14 59 
34 100 66 66 50 91 6 35 17 57 78 98 33 69 44 7 40 18 10 71 
51 97 58 68 7 98 21 58 72 37 69 71 12 75 75 76 6 79 45 86 
86 10 88 92 76 79 96 93 6 18 58 100 35 51 87 90 37 26 79 4 
92 54 60 54 96 22 20 79 23 90 8 1 84 6 32 72 89 88 47 6 
12 44 55 33 4 100 52 89 25 93 55 4 41 67 58 95 57 92 78 1 
69 11 85 37 31 10 85 37 37 62 65 66 53 23 99 27 13 72 90 72 
39 91 28 65 58 64 27 15 53 62 7 27 83 79 31 55 8 9 73 36 
60 9 87 96 86 47 76 56 90 6 41 17 66 5 68 48 17 42 35 74 
37 6 81 61 50 37 66 17 83 19 3 9 1 79 43 58 58 36 80 52 
4 54 42 6 90 50 22 69 66 75 81 64 84 22 22 59 58 9 10 23 
84 21 99 12 17 74 67 78 38 6 29 97 31 80 27 56 48 70 86 92 
98 18 99 84 23 9 4 96 2 100 47 75 93 86 29 21 67 34 53 25 
54 66 49 61 54 57 66 55 4 33 8 72 77 68 48 68 13 20 46 69 
54 20 97 11 53 50 17 67 20 13 35 99 57 20 90 34 98 72 57 59 
77 40 48 83 74 3 29 86 99 77 84 95 59 31 8 76 94 9 31 68 
84 77 71 39 55 34 75 22 95 89 2 64 44 18 50 83 2 10 32 11 
52 91 37 40 1 1 28 14 72 88 55 90 42 70 59 23 82 70 84 89 
16 17 64 65 72 56 74 85 49 21 54 23 1 39 75 28 71 45 41 5 
1 6 25 26 51 46 90 25 59 47 73 85 73 42 6 63 54 68 96 25 
37 81 19 97 30 20 45 33 38 55 92 37 18 44 57 16 74 39 23 30 
69 18 18 77 87 99 94 94 74 1 73 51 73 77 56 55 82 2 15 85 
42 35 59 29 50 8 16 91 16 92 52 54 14 94 43 52 18 93 55 30 
67 60 11 38 27 46 83 79 89 41 97 29 61 2 55 6 82 72 16 65 
56 30 64 52 58 47 52 19 1 50 49 83 33 47 99 44 52 30 61 94 
77 94 24 37 54 83 89 64 57 100 86 8 47 52 15 50 86 45 33 74 
45 1 36 96 94 25 42 47 67 87 11 24 24 40 6 93 47 50 71 31 
73 50 75 73 80 38 29 6 74 53 91 61 97 23 76 86 23 14 58 80 
4 85 88 65 70 24 72 73 77 52 43 43 54 12 73 4 24 44 90 17 
21 26 12 83 50 38 25 5 95 71 53 58 1 2 75 16 12 84 99 36 
19 84 12 35 81 2 94 60 19 7 87 19 88 16 29 93 32 49 8 41 
99 7 42 23 68 32 94 47 33 86 13 32 26 86 82 49 94 30 29 91 
48 38 2 48 86 72 27 100 14 33 11 86 86 30 24 97 57 74 96 28 
78 26 55 91 89 11 92 27 52 34 17 63 32 98 88 76 56 69 72 94 
8 48 91 36 30 76 53 57 29 45 97 100 83 90 18 33 5 17 16 82 
8 17 52 97 34 53 94 14 61 75 14 23 99 61 1 54 95 78 56 35 
16 68 12 75 71 32 73 100 81 83 53 97 73 72 37 1 59 21 34 39 
86 23 47 21 15 84 27 41 38 95 49 15 57 79 91 32 23 96 7 19 
30 90 39 26 48 90 96 67 82 26 90 3 11 40 53 38 55 78 18 1 
3 80 60 33 36 62 13 25 46 88 94 65 40 72 10 55 56 23 65 10 
24 38 40 58 35 78 27 84 60 78 95 10 61 16 1 44 7 10 91 40 
5 78 85 7 38 36 98 13 47 83 64 96 9 7 66 24 18 22 13 13 
78 96 5 75 37 79 68 61 31 26 3 66 51 29 16 97 25 34 35 60 
26 11 93 11 68 61 10 28 42 47 3 73 64 93 95 46 18 41 1 44 
47 27 58 99 97 66 71 39 44 99 86 28 55 10 72 28 9 2 82 31 
12 93 40 98 14 71 15 5 45 3 60 45 29 40 68 66 79 40 49 60 
12 74 81 85 22 45 66 38 82 48 93 65 63 60 51 3 65 49 44 73 
50 60 54 64 97 37 74 69 20 67 69 70 84 12 81 2 38 6 57 23 
4 26 15 98 45 9 5 27 61 16 26 70 56 1 69 24 8 2 82 10 
73 55 92 67 93 11 15 56 72 48 42 81 6 45 56 34 70 31 27 63 
53 78 5 91 75 8 46 3 62 96 33 62 9 9 99 36 42 17 77 55 
15 52 70 30 90 52 88 48 43 11 89 19 66 18 57 66 81 63 74 59 
30 26 100 1 93 60 54 49 12 86 25 47 16 96 67 8 32 11 83 50 
56 59 75 95 99 65 26 25 99 6 87 9 61 44 86 71 48 69 33 61 
55 80 85 84 51 83 47 39 49 30 77 86 24 17 89 74 93 90 52 37 
84 71 7 53 6 79 26 55 51 22 65 18 62 49 47 17 15 45 32 37 
33 26 74 9 23 57 52 93 60 77 75 42 9 56 33 46 30 37 58 39 
74 5 92 82 38 81 34 40 97 10 4 65 15 30 42 2 19 37 26 77 
55 22 100 48 45 20 48 97 32 41 81 77 8 94 72 38 86 10 34 43 
76 3 50 74 67 50 50 59 66 87 65 100 6 98 65 66 78 48 86 67 
89 84 31 94 5 95 11 22 59 14 34 23 52 72 78 1 3 39 60 70 
76 59 63 26 82 56 7 10 24 55 62 2 53 44 71 18 74 42 67 58 
45 52 88 80 23 63 12 70 9 28 74 32 54 99 38 41 27 60 63 66 
25 49 40 34 11 40 67 12 79 99 78 53 71 61 47 49 3 82 88 24 
45 25 22 45 27 53 85 43 56 19 31 19 38 71 64 21 96 5 51 46 
76 20 66 4 77 83 95 3 32 64 93 61 48 19 66 77 13 25 16 26 
94 16 49 28 53 15 30 65 79 14 17 22 11 91 98 96 40 49 17 19 
79 6 34 31 25 41 36 68 85 77 90 28 73 51 79 87 46 12 50 96 
73 87 58 13 91 27 62 27 80 24 59 39 64 98 92 35 93 67 26 57 
13 7 53 13 64 65 23 26 53 15 48 92 97 92 38 99 42 1 58 21 
20 26 38 47 66 27 68 65 8 22 63 26 17 70 96 63 47 13 76 11 
96 42 68 18 80 6 81 55 80 16 2 88 61 78 98 61 90 6 14 29 
1 69 71 21 12 15 27 81 75 91 34 12 94 36 66 61 53 84 48 3 
18 4 26 54 42 20 88 3 31 45 26 23 77 88 9 27 3 52 34 18 
8 11 93 1 17 37 83 95 93 26 25 25 88 21 46 68 80 1 50 63 
6 79 21 94 47 68 35 31 18 92 93 19 81 94 13 24 30 82 73 74 
16 45 73 46 13 92 26 30 27 80 30 3 22 8 93 47 96 75 4 27 
76 32 57 76 71 39 22 23 88 30 42 15 77 96 45 90 74 28 42 96 
14 97 66 51 16 25 24 34 20 24 4 5 85 70 28 5 57 59 76 16 
67 5 8 46 73 15 96 21 11 10 58 74 42 1 72 77 75 17 4 99 
18 36 88 98 15 29 27 5 64 41 35 21 5 28 9 87 75 15 45 2 
83 4 51 55 22 55 50 52 16 100 15 70 62 81 10 38 55 29 23 97 
56 85 87 59 92 78 27 41 28 19 46 71 78 48 79 21 71 95 10 79 
7 87 12 26 37 38 87 97 20 51 30 90 4 71 56 89 80 63 32 2 
84 63 82 98 41 2 52 6 80 10 55 71 79 49 70 69 31 67 3 46 
15 2 50 74 84 56 63 73 42 20 71 44 33 96 69 92 72 20 92 95 
14 27 89 40 17 18 15 53 39 69 43 63 39 86 65 29 85 75 94 9 
10 12 76 32 78 40 91 28 94 88 41 95 80 54 48 70 64 58 86 19 
66 27 53 26 74 68 37 25 31 8 35 30 39 67 27 18 25 2 96 24 
24 18 86 100 91 75 36 44 21 26 35 26 56 97 83 52 68 75 80 44 
89 44 4 8 41 37 20 69 23 95 96 62 1 16 62 88 35 55 85 88 
48 5 2 56 60 20 43 93 54 91 24 28 100 22 19 83 54 39 35 79 
91 45 71 64 54 84 27 24 3 1 95 92 56 44 39 7 70 43 47 4 
92 37 44 67 80 54 94 67 3 84 64 54 94 91 1 52 38 85 12 96 
100 70 66 85 85 82 82 100 19 26 6 79 61 19 36 41 16 33 79 71 
7 9 83 27 67 81 26 54 98 44 5 8 1 88 62 30 100 55 79 7 
47 42 95 76 6 12 40 16 4 30 21 12 8 81 52 10 55 44 26 32 
70 48 70 51 55 1 80 33 21 59 67 88 1 38 60 96 86 81 80 75 
81 25 32 46 70 96 79 42 42 83 42 89 77 77 23 39 85 29 14 96 
59 23 24 55 2 78 72 7 26 24 32 25 91 46 23 93 18 74 53 45 
51 19 80 24 4 39 64 34 24 39 93 61 47 98 83 39 13 66 39 45 
2 60 16 55 53 30 8 13 64 68 12 93 82 10 14 10 90 7 37 21 
75 39 46 38 13 100 25 93 35 55 1 85 17 9 4 45 24 96 94 69 
79 57 78 15 8 30 14 59 68 44 38 40 83 53 95 76 72 38 76 89 
79 40 94 72 31 52 17 91 3 69 58 26 60 13 53 59 77 99 54 15 
57 11 48 78 4 45 34 22 96 51 50 51 62 94 90 18 93 60 89 76 
31 88 6 20 22 9 59 61 8 11 68 25 38 30 25 49 61 64 54 34 
18 3 5 91 8 36 25 75 47 38 41 73 88 5 11 23 78 4 26 9 
62 8 26 42 14 83 78 47 91 98 74 66 26 91 51 40 16 94 68 95 
20 80 38 39 93 48 81 43 59 58 76 74 43 9 63 23 78 50 100 57 
65 45 20 79 63 70 47 15 23 80 85 2 5 80 30 48 10 58 84 91 
90 91 72 21 58 11 79 58 14 33 97 83 36 23 11 1 2 88 65 88 
44 11 9 55 14 26 83 64 40 18 61 17 19 84 94 94 91 89 38 39 
29 2 59 81 24 51 67 68 66 94 60 15 32 18 5 51 14 96 75 5 
