43 97 57 52 43 35 34 59 17 40 6 42 22 16 60 75 15 16 39 48 
39 47 48 39 73 37 23 38 66 92 54 13 22 92 84 18 56 35 91 6 
75 53 43 77 49 72 7 82 43 87 5 60 27 56 34 23 85 64 61 48 
82 82 85 26 40 22 95 82 34 19 25 26 39 34 39 39 48 62 35 8 
99 5 12 77 85 80 3 73 20 54 2 68 78 65 8 96 76 38 88 42 
34 6 77 84 38 28 22 40 71 20 59 99 48 29 8 14 17 68 5 97 
9 41 70 47 33 93 67 58 84 4 26 99 39 40 71 67 71 22 85 95 
61 81 11 45 65 96 6 97 82 58 37 27 25 36 25 37 52 11 18 31 
25 1 37 97 54 25 15 81 47 85 14 94 51 34 71 31 31 20 80 12 
1 24 83 74 43 64 55 58 62 90 65 24 98 79 81 8 79 98 30 84 
