27 43 41 2 89 72 35 58 85 70 26 16 53 79 24 7 53 82 47 66 
73 7 60 83 62 25 12 50 88 62 97 2 62 47 8 93 73 48 22 11 
22 76 17 57 3 93 80 83 48 23 37 32 82 34 22 20 3 45 50 67 
39 60 2 4 31 10 4 28 84 91 38 56 86 20 73 48 18 21 35 85 
24 33 96 9 89 8 50 70 56 77 31 57 28 55 26 32 61 31 15 65 
90 86 51 5 35 23 80 51 90 46 22 41 23 86 71 93 63 78 26 36 
70 70 82 68 93 48 33 54 70 86 75 38 63 9 29 85 75 20 2 36 
78 81 100 95 71 26 78 13 80 48 33 70 47 40 4 52 15 27 16 58 
28 92 59 6 78 91 33 42 2 81 81 65 48 25 26 76 13 41 21 95 
16 77 8 40 7 46 47 53 42 39 58 8 24 73 56 61 48 57 50 99 
34 50 71 4 98 39 15 22 17 22 9 64 83 85 25 30 28 89 69 56 
25 53 8 25 2 92 33 62 53 86 33 64 70 84 3 48 65 70 47 58 
35 73 29 48 32 13 11 36 4 41 42 67 54 64 41 3 21 86 34 35 
45 51 25 93 33 43 22 25 21 59 58 92 70 99 17 36 17 97 95 10 
48 49 81 35 51 57 93 91 99 2 16 71 12 12 66 94 96 26 15 31 
77 2 53 13 51 20 86 50 24 24 95 12 64 37 14 37 45 7 96 22 
38 25 77 90 77 88 56 88 87 10 82 90 11 54 91 23 55 87 23 16 
82 79 62 22 4 98 77 47 100 47 79 70 91 14 100 48 2 55 60 9 
22 10 99 30 73 92 32 44 48 1 96 16 50 29 69 37 44 36 22 7 
83 69 93 33 2 38 6 65 17 14 1 78 100 83 91 39 80 51 93 10 
78 97 54 8 98 39 26 31 75 62 46 92 64 84 22 85 98 69 97 30 
23 25 31 32 74 93 57 9 88 60 21 75 87 20 52 75 56 29 28 65 
47 25 85 5 17 32 78 88 61 58 88 89 55 99 31 85 21 43 10 97 
57 98 92 70 29 89 26 1 65 42 71 48 26 16 25 88 51 75 66 49 
89 58 35 63 87 9 44 71 31 77 4 53 46 10 75 78 85 97 25 37 
1 11 80 2 64 68 28 76 14 98 54 24 39 100 43 68 29 87 70 4 
84 16 45 34 20 92 100 65 83 76 71 33 72 95 2 1 35 20 69 41 
54 12 68 53 51 21 91 53 95 84 10 18 14 20 77 25 16 31 62 10 
75 69 39 36 62 42 85 100 66 53 33 15 22 51 66 23 85 64 7 96 
99 44 23 55 7 88 90 44 67 76 46 77 65 20 6 94 86 26 34 2 
100 19 51 34 12 3 67 40 20 50 60 47 25 36 29 13 37 61 90 41 
84 94 2 10 40 55 34 51 65 77 19 29 6 13 63 98 78 21 52 23 
90 67 33 17 99 52 45 35 26 87 89 99 10 14 41 37 45 99 94 20 
91 47 71 48 68 36 89 39 85 9 23 41 49 18 18 81 43 39 14 49 
22 89 45 33 24 19 68 34 76 91 34 11 56 81 11 43 26 99 62 22 
97 62 23 76 2 39 56 85 55 74 8 63 91 27 96 89 43 86 81 26 
17 41 83 33 24 83 61 50 3 83 89 41 81 100 77 61 40 16 62 72 
65 84 95 1 16 6 25 82 55 78 78 87 36 33 12 62 94 44 68 81 
45 79 94 61 43 5 15 80 45 98 96 14 74 26 36 3 68 38 57 56 
80 20 79 6 20 92 6 39 4 80 9 36 50 52 74 43 25 75 20 30 
15 84 98 87 53 12 54 25 40 38 31 55 14 92 3 92 15 50 91 34 
24 33 86 95 3 6 40 13 36 34 8 57 68 76 21 95 44 41 34 39 
44 67 63 55 84 65 62 95 47 78 77 57 31 64 97 54 8 52 80 65 
24 3 92 91 10 82 92 10 89 41 87 98 8 88 13 32 56 32 96 21 
97 93 80 42 36 32 6 58 88 78 95 21 40 17 39 74 29 87 52 68 
37 97 89 4 51 78 22 26 32 80 41 88 68 14 62 95 25 47 64 65 
21 77 96 75 38 77 17 36 75 15 20 41 4 49 76 42 42 81 73 45 
84 18 94 98 14 2 65 83 12 45 55 52 5 49 39 14 8 71 87 83 
42 65 24 29 78 28 77 13 74 52 95 61 54 14 47 34 9 92 8 6 
54 87 23 80 89 69 25 93 75 42 4 9 84 42 8 33 46 91 83 67 
