817
4
0
966429
233558
812250
2791
34
0
7
0
0
575
13858
79866
919431
406
0
60
841151
265
3
582659
268
0
3989
391
2
4841
0
677297
151
139
2954
1
237372
354045
65694
34928
50
1
0
342
28
561
0
304849
73
0
0
40974
48643
981414
58
5
386486
0
78716
96
4
304544
2078
244941
71703
96334
0
71211
700888
6602
2513
8
35566
949
379
281
6220
242591
526
311
916
4
9
86474
77
0
0
252418
62
0
93319
1
673268
93
65
8
938657
64540
8957
22037
3
38074
6
0
0
46241
0
9
139194
9734
0
734
170
4
1202
6630
9
6
28260
312143
81
406781
70619
104
3667
979
0
3743
7
85186
0
60811
8069
243995
41
804
0
0
17334
96594
484
6072
50914
708
7131
9
0
0
88018
0
33869
0
3041
275
4752
1989
400738
54130
889
20
7
7486
185522
322
30
0
59978
73
619403
3353
0
0
80724
49
9901
86
256
0
0
578
74868
505
0
1
923978
2874
0
28403
17
0
0
227
669209
0
118
0
4877
8128
759
0
90
7
6283
2
7
498153
53
0
13550
7
73
59074
3
1943
0
0
0
483
97
6
59
130588
2
82522
14
7
117893
0
294
475
95
5829
5086
112247
0
4757
4894
0
33
784264
697
3622
66
0
0
5130
809595
277779
4117
404187
0
2
4931
865230
5798
883
8
74153
0
398
94
0
73
0
5309
129825
165074
0
0
74330
0
31025
5205
201
0
2
4
440412
501876
2
455519
91
3
2036
0
53
2
7
96
5999
6460
89303
46845
199
0
96679
5556
0
0
48228
0
1949
9
561
19
6
955504
7099
91
454878
5621
683370
983092
0
1821
47257
1911
73
4189
418
744560
0
55
0
38
0
795
447
0
87
5
0
35877
1708
556932
6717
93731
6709
0
435010
262947
534
279305
838526
0
427
6798
343150
17
571245
3
1657
87
9
7230
0
724784
479567
6
9670
463
69096
60359
928
7090
24
17416
27
456526
63307
53733
81
72
15
0
0
341
65
75
0
804
652333
57
9
336222
30222
0
4
0
7
393
535294
225
350
8285
0
90
0
44
51106
9
4
85882
0
0
3059
45814
85
347
8199
7845
6782
97604
78798
9
42970
5
0
0
0
2667
1
97415
661976
9354
148
0
0
6525
2
565660
0
1811
5923
3594
0
6230
45
52717
73
18
0
629
287
9173
4542
0
44251
56
77
2
75432
2
5
983
356
2
8761
86
448622
4
885647
2
90633
3
9215
2
0
1
58
491
36
2
0
662
0
51789
0
53608
49568
76876
7
3
33
297
0
47941
129581
6744
8
407
170781
4228
78478
54
836848
0
871730
37
32761
807
16760
65773
5287
2294
79488
7
99
256630
9659
0
0
0
158940
69
1636
6
4186
1782
0
176335
0
63277
204565
431
8291
2
93563
676
0
87813
5404
5097
1
8325
468
60
86855
26749
24759
6
80
5333
60
154
28949
7
685
20325
932
65
4
0
0
15
1221
222
372
562608
837
836
79934
537
0
4852
0
32
9471
16
0
77669
3
5021
15442
33
924649
764
76
575
84
171
0
949
51
38438
396
0
99
44
0
1
677
76
108
59584
97845
50
95965
0
2
0
6
551
0
84
688222
410504
43
4
0
581
100
63
715
95593
695547
766
134
714
3980
2
8
7
89358
172612
7
798699
0
858
16348
9745
640
70
0
559
9
0
0
1956
0
1
9
792168
38
4086
94
2
4
61735
48
2027
4008
298
289
156682
208960
2757
49
389
0
3
71813
24
0
0
51
0
5
9658
3473
620715
8783
32215
4
7
0
3540
1
833
9501
0
4
10843
0
724
10
53
6706
7
911
11
125
130
10202
6
9
5399
39518
1506
294869
4
406
117313
4898
95
9
0
358256
0
20374
317636
5
0
0
90771
9
1864
9
0
60921
91
85
0
9276
10
29377
2326
0
104
1
9726
52171
1765
61
6170
623
510
0
8584
43
37131
0
7411
2899
36411
249
0
235
0
900814
38978
6
3794
75273
43345
183
50
7718
0
70
3834
21
804
3961
75
672
55168
37
9
26044
0
3390
993
904
0
203
97
77
163
3
3
83
734
0
3884
513016
1864
59
10650
51
335
0
7
0
14
0
678762
31
852748
1
0
0
6
513870
8930
55296
13229
7
98562
9293
3582
95
7
0
0
133823
656025
554490
712
354777
184
946
386059
38715
935544
0
0
737815
0
15485
95193
7
77
72389
0
90798
5
8716
71327
0
497116
50
9
78
8884
532
1
32755
39
79
0
4
51
20
11
41453
3844
0
54960
62
6
28
78
0
613
1
0
0
12222
88839
460
537766
92928
79400
47730
30912
779
506393
1155
171971
31
645
90429
7129
37
6175
518
794
89922
74556
111819
96752
480
3156
771111
0
0
0
1008
6432
3143
0
92
0
8610
58
13
7
108
867
62
8018
6398
2
3
20590
53
20
7141
64
81
3
0
774
3702
0
8544
34018
9
2572
37
37
26
6
177434
60
38
17212
530045
879
24
969512
8901
8
71077
352
0
6
271
44978
904
8608
977660
0
67
3
42725
9830
462416
36973
84
637043
304116
12283
0
9175
0
0
7655
343
76686
8633
1
665944
57
4571
825
54
8
30
364
3305
8961
996
717
3302
9
88
96584
32
52671
2091
370769
75514
3674
322489
5
0
737
64
577745
391827
4
242
72072
310
8
25
61
5310
836
807184
8
32
9961
80944
8740
659
106
0
5
9
4789
74
4
4599
0
925
0
6525
66
6
913785
107333
7
9
30
756
465
37147
65511
663
128
372
2
413
0
55
7
36774
637989
9736
66
58
250
356700
6275
67
38810
37
86458
603
0
0
36146
781
0
9777
71
3569
0
4501
656178
931241
4
69
172
0
247016
3479
291390
70531
3701
627033
0
0
273812
934
783
31022
833
6
1166
966460
0
111
0
2046
637
9775
6813
96630
74492
6229
83196
72417
1
98
0
0
5
404
727
70632
67
616
6722
3
4797
86098
407
11560
395
122714
1771
0
19901
0
443556
668
821
662038
2808
9376
29789
5246
895
45844
8540
92590
26972
521
11029
521042
9329
58079
414685
7
0
306222
0
0
4630
7
6
80
0
687398
0
159
7
963896
64
10342
5
12
868709
28
0
50
859340
720
767
0
8
0
24
369
965
392
18
7
666
80
41
402935
3416
1
9
4
637
6
5
0
13962
874019
55
880
63
553
0
9151
903164
6476
4
4
3
4402
501724
6142
19360
3
775
28
1
82
0
0
0
0
0
643
31498
8
8
713126
4390
45
2233
58748
29035
4500
39
9696
229
1
881771
69
4
262367
410
0
468825
879360
419660
2
26
0
348
8
18073
9
0
4684
0
4519
315317
249
15
1
85
13
0
61467
0
62
583
69
54957
829401
486342
8
70094
13
660
882
615
0
8
194982
7
515
2328
9
824610
0
25
3472
58
7805
41376
38337
389904
5
463026
181
4
81
207
873470
0
887
858577
43049
819
9909
1364
6
566667
2893
72740
29
915
83245
0
27729
600
0
4016
0
511246
5985
827
1932
8
1645
8475
78658
836512
92
8470
3
9832
3
90536
7
2
467
7
0
67232
14
299
4380
7
48216
730
842
585
573
704
643
9
49
5
693
8
56837
0
563432
738
0
0
0
799
18204
0
1955
282357
6049
9
29963
83330
9249
507
77
81872
630
34928
562425
80
246925
0
56352
81
758384
1
0
758
1
621356
147221
0
14340
6
73696
55
87484
749
3889
8
94387
4
315012
44
40275
7
8893
9907
94454
0
8
0
203
0
84490
2
1
703207
5550
534775
79
873
6727
53355
570
7979
457564
0
40
65
63
0
525406
7765
0
0
5
5
0
7
58922
585009
42
0
0
0
9
938871
5
0
56053
304
83
778984
7748
6
59929
939512
3
453
0
4710
69
11221
8905
71584
0
151
93566
76348
62
9021
0
3
0
6
38
978
301
836
1
9
5455
71834
12
1
588
55
0
0
0
6576
3782
9902
829187
764
8035
0
50
53
6
8
75
443494
35
52
4
17273
0
9353
45
0
0
2
0
9267
0
7735
74
8790
62
674275
679311
8967
0
5
7952
0
635853
4
68590
981444
428266
0
7
7830
66
584
3289
28
0
74745
27
2
794
133
0
580156
3570
72624
3873
85399
954557
0
9741
946
9
8786
0
813653
5
5
0
0
23
282
941
5716
0
12482
0
43583
7367
47
0
434
3
0
60
82891
515
581
0
196
5494
805
4331
0
81
361033
76491
76241
0
664632
91863
141453
70
28473
27420
0
588183
71
4
0
692770
66
6
22
373
284096
22
32
33887
4
1488
12091
325907
5677
883
79
90560
7
788048
4843
406
2
1122
1589
96
8
1120
8477
7051
33521
2
999420
3
38157
74
21
63539
322
6
0
0
8594
39887
3
699972
2864
146
2141
6
435
683095
5
0
271889
6
83
605273
0
0
7
0
9675
874
961577
482314
181
26
485763
0
32932
73
151
89
645161
9507
631
587
2
41
26
0
140812
70
4
8338
0
76
7077
7307
0
0
97497
584582
11
0
91119
272865
0
7
624
196
0
93899
285
83
31006
516
0
0
0
39661
494
6913
2003
627948
809
0
238
3692
26
94
7
445
45
1789
75707
380
37
13
75182
0
72072
722
222
3
2663
0
7
87
3
6793
123325
2
69
389
42088
69725
8232
208258
46
7545
320993
354014
0
7
6
2645
0
695059
3
288155
136478
0
3
10937
0
9151
0
2
18
0
905
992
10968
0
127
0
10
67754
36
0
0
74
63649
55876
98
3
549668
0
0
146885
0
0
82952
445
6
14783
916043
670400
872
35
255592
98788
786
9488
0
0
5
559770
71
8285
769
857
0
0
1127
0
91653
2952
595171
731
165807
18
591
905789
887539
810
1
0
485
200140
2980
0
15
519425
0
79
0
822
0
48
0
9
8775
8259
6256
3209
15018
271
461256
442884
75
62
77178
751487
35
32422
867
173833
937314
8
36371
57664
17
277
0
37940
9731
9966
608783
292
11
0
5445
1817
0
11
7949
542
6
487
548203
17
494460
338602
352
2987
0
9538
82512
44373
63887
584
0
37
6461
9920
6916
202
205633
1280
0
153508
2612
930967
16910
40
52644
25
0
6
0
91375
609057
3729
7740
870
0
0
33930
523087
31
4323
3
13986
5
658
369396
406
1
12
64
1012
82979
6017
0
0
2
8351
29
2951
5
5
133
65407
0
424
0
389019
91695
6
1024
26047
40241
8
58412
80
963
0
492
8736
232
777
13031
332
29
33
16885
8378
22
236182
592516
77663
76174
0
41
31
878994
21442
3073
561113
38
7876
58153
894
6350
29944
0
36310
33
4
66649
0
5
2
513748
73699
0
54
98
0
77382
866
281
73903
0
636249
76848
9913
451
126
98696
552
8
72
80196
653828
72481
298
67
112
8488
689
4104
8829
23
32267
86
7
889339
9
241065
38514
2
48609
2002
723349
8223
55360
581102
295175
724112
45442
58
2914
17981
0
0
2667
27143
8
1
8
761
6
2
6
5102
98
273
23
2600
7148
71
7578
4
0
68
770
8848
0
7576
327311
6290
356
9864
0
98852
1897
683
9620
288
474
6
8
69
0
0
84
1525
9
0
65398
5
559404
6809
361
664
231391
579119
421765
96102
22779
69
69118
5976
944120
0
602465
23126
1139
0
46
6803
0
0
90
0
74
37354
3
2211
2548
6306
9
0
0
91479
8
73
376
21488
7
0
12
3039
0
5
19
7588
5311
4
5
0
130
50
4
85146
3199
576433
49
5526
59
0
63530
0
4
9
0
691
633564
9501
5
4
200079
13
494
974517
3
9526
9885
29
6091
495
581255
912
0
314828
33417
8
8
0
311
18
33692
4860
191747
28794
1114
4293
8575
787102
759
12039
11
5
0
46311
65587
0
3082
0
0
0
0
0
51884
11
6353
17081
318
81765
0
45789
771
927
95
545
5
69
0
6140
121036
476393
0
5512
520
4
386394
28540
4
612
0
242133
0
654927
0
9
3
23
669
62
4172
0
0
257515
94
918637
3147
2988
0
9487
0
89
29361
5349
38
4
337229
4
0
96716
0
88052
609
0
999
0
89
7513
538
30
656697
743369
1
50
83
0
406109
31376
7596
92727
765
7
8
13
22357
2381
34
0
220923
372936
308
3
62
815
637592
0
8
0
23
0
14679
8355
325
732
499
863
87649
670247
22
763
146
0
0
316
3
2159
1081
0
0
973052
4316
56
33
885
178
0
221991
420087
1
74
5502
59
23184
86
9054
674
0
8496
52095
0
0
0
829
36
33231
35
13861
0
644734
18012
4322
512283
729087
8671
2
359965
63
78
9663
437574
7778
0
510
97
137
9168
12
103335
659474
55
555467
46
727
9
66121
380504
775444
0
7
34861
3
469679
244
3
3729
0
2
0
32
1232
973967
9
170
640919
2826
483
1
1376
2
416852
98
5
271
0
5
44151
995635
326
337
230079
599108
26
0
0
78
77849
1232
0
6745
18
62
728
0
24
1866
0
532181
74480
3
68221
891262
1715
0
950804
45
58
304
612
6
0
1
98312
61830
2
638569
6280
69
618762
239448
3030
6761
776299
0
50221
6
0
0
0
42
375835
95379
9
3
424
1527
3250
4097
0
0
5891
0
2500
860560
6506
55153
0
755
4
0
172
481490
41
7740
80
0
84499
112338
0
131900
495193
6276
0
83
334818
45634
7310
523850
0
9
9
0
2
49
91219
590075
68
314
858119
5
343974
0
24683
0
0
897
0
0
0
208655
0
33008
0
30564
2
13
86
29
1490
0
861
26
1
6445
63509
9
260
978
0
3240
48
601
118
5931
147923
88207
882
9221
1828
442426
3
585955
5683
0
3056
12521
92818
645
7
647
2348
0
70027
2513
64
35261
0
5
44029
1
9138
495
1
0
5
877
6825
0
405
554490
0
257240
0
3
2897
60142
87
25
9
309610
984
7
0
39
0
1648
0
149632
67
3
811487
7688
440687
244
58
78
81
7030
157
402996
741
44
25
0
413617
973
981200
944
662
353
370464
82
1142
291909
13
635
4
796655
480513
52781
0
0
55970
9410
0
48
4
3
78289
0
37
0
2270
0
0
6566
10
93
5
1044
1406
593371
59630
0
4
5432
565019
61
0
43763
58201
59
804
187
35538
310739
0
64
28
76445
7025
387890
65
12
700
676
992
38569
271919
4748
500442
967314
2
639271
0
9309
6
218
88814
35
7
8
0
0
63670
4539
39
0
733
62169
52980
0
34
704
789
51853
49894
595
464
64027
80
80
0
9
510
65681
27
9
0
546555
16217
351054
1
411328
74495
0
4779
0
34565
68
11136
8435
5349
0
991
4758
91494
118533
4
9394
3342
513962
117099
546
0
0
82811
0
7
9
88015
0
9438
6
245857
82
54
796960
979094
4534
89974
453138
73430
2
5415
20078
411
6797
0
182256
92471
7
9
0
98
788
0
11819
68465
7
2
52415
509
574053
2
6
7430
41
48
6
2903
0
2353
9608
0
17
2937
7
88225
79503
92
469
0
56
0
517
152
0
670
63856
43
69
53743
5
15
0
756
0
68
96649
6764
0
0
9322
3405
340
0
622
0
6442
179
80013
5644
23981
20743
42
512588
215
1795
704
2
785180
3661
263557
1470
423017
4
45
0
0
662373
774132
746696
5
445
4225
0
0
7020
9726
51
85
5783
173589
0
0
20236
876
6592
0
0
84444
2283
44
6
1294
0
1
2
9
7
100131
76
628
8120
14529
89
71
2475
75157
43
0
9654
6607
8
89391
835322
769341
5023
0
481
1161
255531
38
573412
99636
258064
4631
74089
19
544
141
9
0
56758
81948
491
50
0
1
525559
553514
0
55641
0
1
282845
4396
5
547
588
206
5
462996
0
2071
70
33
25269
9
2
471
80
0
464
472
1
13916
90
66
263222
6
993
765923
53892
121646
283
567949
639179
7
63255
8
1562
6685
5290
3372
529282
6
5
829889
636
0
0
4
7556
829
385
913
161
8
670
2
59382
4
832331
235
83782
2571
13
5687
0
4212
3
431
590227
0
859
56
42
336436
553
3794
6537
0
980
22
8713
6
2
7032
6244
827
0
1
7873
5
7243
46122
0
8
9441
364
0
31421
409314
55668
228
0
9
0
20
34986
6337
36
0
29
762
695547
0
48854
165
35267
14807
278
23
0
99
1507
851069
713644
0
402
4
6511
5
9466
24411
9
9094
23227
0
8
0
3
22708
6
52
9576
30
3962
6
7635
6
8710
820520
0
0
30857
86
2025
894
915616
7748
745353
8993
627277
350
0
61
9
97
949
1394
0
482
2
0
0
0
58388
967
572069
18
589
0
76
0
348
141209
7
0
34363
348
701
143589
322
0
989684
47
0
0
279
24
583
55
89
28696
927
0
0
5
83999
13663
1
3465
164708
0
53621
463362
49
45667
5797
6985
49
0
207
3
490
1026
93566
68
565
713
16937
8
0
1
70516
0
310
901
845789
9931
891
9172
63835
16
62
565935
23746
109561
41
33951
39
46
95193
83681
662
99
34244
84524
162
246467
94106
547
0
314035
2647
8
294
72
0
86278
27610
4
405743
43
92330
1650
160
9009
329
25614
0
0
58940
491805
244727
361217
41
39957
118198
0
8673
939
9
14
2
2
0
9
98980
664
2347
9
94994
48438
5474
17722
472
3708
0
93020
838984
4909
81
0
7393
0
7315
7
88512
24
7923
8
7
3
0
821222
421491
8057
603869
0
61268
78005
482436
0
7520
9
983031
0
233
308
89056
69902
7761
90
919
838
91576
4477
0
565111
614
740
28
66011
0
0
273
3740
2
2
435
473250
48567
9
8
0
67
404
87
0
65257
259
402
7754
65071
0
85851
0
69
175
2013
10785
2
0
0
9
0
0
0
1
422986
42
929105
10
43095
647480
66
236
77
74
0
2
678029
979338
0
878994
4723
1040
417
93
1
7
3
199
886
38
865199
7323
913
3070
0
0
253059
6
126
641
7
700277
110385
3705
275276
45765
2132
8
756767
263771
5511
0
75
5
88
0
0
0
18961
483169
1983
76
0
1
46760
50981
7
0
482406
8
568
0
327616
5
62
833643
4379
50340
48
62
83
3813
86
8
4959
565355
62105
41422
83
659
44
0
3077
99
19928
45
1836
27
62
1
0
3
2
4
423
45991
7
5576
0
34592
87984
1
36
0
36756
418683
2
675
229
1
7
756
52
2891
849085
4
61
39
758
593432
8
5
677816
875606
850459
9124
880
6
9
9
8043
0
0
30
2
7175
774
1
92504
989135
0
4
57
32242
267799
4
9571
315
0
1997
3
24869
1823
335
6634
855
27228
783
2175
214545
54377
1
277504
77
20636
674
0
486
3175
28574
128
9
20
85421
9
5
3
97903
266640
33124
449110
0
77465
513504
41
63
8734
0
1
9
0
1
98440
11218
0
7829
96
2164
604174
1909
72
24140
837
7843
1020
728
950498
9601
67
4
9
70146
429395
90
1
1
55720
0
209
97076
38
66
1437
40
414
196
0
44145
0
428785
39
8551
22916
12060
0
5
0
573
1
83309
545487
5767
52925
1
96823
796
93600
47
98
529
78
2
65376
9
2692
3
43891
7002
0
711
5
3056
370464
0
55
4800
312417
536
1
1580
53
77
4987
41
251
85
98
0
92
2187
0
24433
86
3
9
0
367
8324
15985
554
5816
5490
1517
34
97711
6
0
3
59730
68593
3939
9
76885
9393
8883
82265
714957
5
0
0
29
67549
783
0
861
10
83
861934
26078
0
181
1916
0
435
63234
52
1624
0
8
366
4
0
664601
68
89919
973357
5
0
5
0
59611
3491
4
61867
3834
738
3733
7884
3
80
27
688
6
5427
41
316
42
3651
0
120
250068
0
311
265
25
8
4
28
89007
88
9019
31928
529282
78539
95
3236
2930
6
3
2735
96
72
2
341441
39735
3
915
65984
9085
84
5
46
150
3
25949
3710
96215
60600
0
755
70937
39
3952
28644
0
3
1355
5
49
0
1475
89
80343
0
4
17
58372
613
81
928952
6743
4
163
4
0
96
7
971221
0
5749
874660
303
378
63
168218
0
2
0
64
62
45573
74
42
4
379558
0
72899
601153
842
6970
0
0
390
194
0
51951
0
893
8882
0
3747
8749
30
32456
752311
29493
0
0
324
0
69
26
165746
7
487
40
733512
479
4
5083
9188
2209
84
595721
2224
5
9235
77846
0
200
881
50
164
125095
484
96
183019
54
5
6
3
9
962065
77004
996
493
816
0
0
9
36
3008
0
6
251
4191
836
541
473555
0
1
4
391277
117
2
44462
49424
0
524
70
1245
23
9
305887
6546
915189
235816
8156
0
2
4387
0
8435
879207
44032
0
5
19867
399
0
2330
387554
197302
67
30759
5749
8
452
903408
2248
0
5
25150
0
99703
172
4
9
528
34
41
91003
0
263801
0
6436
0
253334
7631
3606
576006
8
14941
2
8154
0
84
96612
85
26828
7
638813
85421
1749
4440
777520
239
0
5
0
52931
0
17
4573
24
309183
248420
49470
97622
856
13913
904
5
63673
0
4541
2697
8287
5185
0
5001
5
7
0
4
617267
2
62767
93008
21820
74556
0
1435
7433
0
507980
0
2783
3
832
0
58
6082
61421
93609
0
74
4
28
36899
3327
0
0
299020
75038
7
56935
61
72
312662
0
99258
104434
8914
874
72
6
0
0
54
223
5580
3
79088
0
0
951506
514267
8
0
100
12
799157
12
39930
25238
0
3277
7678
690176
58983
5
127
4
373088
0
199957
0
4479
97
434186
964
7937
7104
56123
4855
86
8
2
79
82818
2
4346
655751
9
12
7377
0
970671
0
498184
1839
943754
0
966
0
7487
622577
990
8
6
55858
486892
9204
34803
2
40379
0
921720
8
0
2219
2375
77
51860
0
2274
74
890041
63
7
5
1
0
424909
0
1977
51
0
9502
50
4
0
1312
1
276436
0
5619
0
0
610
0
8313
9349
987
143040
8
76189
70
8481
64
794152
0
0
468794
994750
1
1589
2041
4
11
119
31
559
407483
63686
574144
401959
0
8404
0
1
316
35
955
7
524
430646
0
951
8816
23792
3
599108
0
23
9
1
808130
71
93
73
99029
4
521958
77288
1
3029
1906
0
6402
508316
85906
18585
0
0
2282
5497
0
160710
5679
1405
7
264870
6
1647
486
65633
30
0
4
87
129490
0
766594
586382
4
45194
782
337687
77
9381
354991
46586
82662
4
8
0
19
94006
2
3587
42
3861
8398
5
9587
110415
364848
502
2014
4
81
3
20
0
0
934
44389
90
0
57881
77465
5
0
113467
457930
30
0
811
1
877651
83565
55000
0
2447
14477
0
0
55
9378
42664
847834
4942
95660
394
0
9
2
22528
3
933408
2
36
3241
0
39
0
85
54655
5
84420
37629
85677
996
75997
573320
0
18005
54
19
1178
7
578875
200140
1323
531
0
1
559
944
73537
6439
84
142
5
26
4925
862880
580
6
47758
567400
17
5340
87154
681142
51402
307
5
95541
1
1910
917
0
609
9
8920
67693
0
3544
7
277748
239
35697
456862
947874
0
64
98
8
700674
86965
7
45
257
8
41
3
837549
619
565
980590
3210
331
5
4
669
3
5
2777
3342
10293
39692
9933
1373
9
6
4
86541
99472
8354
0
11246
1911
812
0
63
51002
4
0
25
2380
4
0
727317
40440
0
11914
408
331461
185216
0
642933
31037
75
28
8328
4
4
894
20
0
40629
4338
716299
694
57887
745
52797
821
571153
8
7945
392254
216040
31943
6
701
4
748161
9770
0
187688
3
0
39
5
8608
97235
0
9
5
282387
2
56
0
9125
98184
487
418
188634
0
66994
10
97
810
442
152653
96
14
3743
51
0
9328
235328
160
7
0
775
9
207
29523
4423
188726
4294
8098
6926
0
601
0
469
4556
9
422315
2750
1190
83
7208
17831
274
17841
0
6481
462385
7052
74
50
0
53
0
0
0
814
0
1105
52
4
4716
64
7
1
8
956
742
251014
5
3807
840
8
852
980407
6955
410260
0
37
1921
6
0
69273
0
530594
5
66237
71
567430
865138
0
90774
790
313
79
943601
55
0
0
6629
603
93
48100
0
159
4
9
92477
24
4518
171269
76677
0
6759
96
99307
4802
29197
72649
3
74
78756
8
513534
179509
87
20
93
12
55
0
1
9
256965
0
6947
1
19
0
972
773
7346
15
25
0
99530
10498
555
0
4
4640
279
1
93966
0
12
992
202
679403
699
79366
3164
26
4
76464
68
142
222
973296
356
85000
347
580706
4
9
2
235480
856
863
4006
59309
0
618
15
0
7999
6
5
65858
8
6
16641
95
0
8
5773
999420
8727
19
24
0
656
4831
60
75
50
6
7
82
112
641
66451
682
0
43556
190313
0
34699
563921
9
0
803338
2861
548
506
0
77486
88
1207
9964
21
214880
47920
0
4
6210
88567
0
95602
45
4
1176
0
9
576586
471602
657
0
671193
5
2359
140
84
6612
472304
3
856318
0
65999
24478
0
718
1968
7428
742
760
354
0
0
97
896847
3408
74
0
3970
486098
489
0
0
0
58726
91
85515
396
732657
445295
572557
956297
901882
97027
7691
0
37491
2056
6
2
8802
1521
20
0
86397
5
123783
18
8849
28785
667
813
133793
36
796594
711966
77
39353
0
4621
2
6966
4560
127231
4
299935
8
0
93346
123
54
7556
417
27726
5758
985
38
4907
7560
5134
50639
660
657399
9796
722312
52
70
34
0
47
360271
59697
6
456
0
8
18231
5316
793
2
23014
637
38694
0
37
679
0
3320
218787
17606
41270
447
762
195
19
9
0
5566
9
631855
3
63
14712
5
913
2649
54915
1
71
8
725
47019
227912
41401
1752
869014
291726
0
601
9776
444
368
0
8
30286
746543
947
5
8355
370738
90
0
24
847
5324
61
276039
0
0
874996
5
7442
604602
8940
38959
0
39963
893
179784
7318
86950
328
6
0
775872
37
27869
66
1121
54356
0
384014
1852
41
79064
5995
82271
51
0
6
7048
27668
0
3891
821
18439
6781
919
5420
992
56
3381
0
0
932523
9
0
0
340
812219
364
0
2
512436
839
81517
783684
0
82473
523331
231604
897
41
54
21161
87170
6547
0
556443
480330
6
613
48
1360
7001
7
87041
0
16
360
637
5
0
59
2
1
34
6
5033
12747
8450
400463
0
0
87
4924
33960
79528
53611
403729
98733
0
1
70
0
854
875850
0
554
5320
7
49
0
0
3
4
0
27893
20
1077
72518
0
69
40
2472
983611
577
451002
3
0
3972
6022
433729
54805
403
710867
497116
0
4
486
57
626209
53
983
4
6
96
216
1
2490
4099
89
7
4290
0
29776
80986
449324
16
23
69
87
0
206366
85
88
357066
581682
1446
464522
31189
13
1
473738
7010
901577
949339
193945
388134
11
9692
99
209082
2
0
0
0
337
261
75142
55
0
219519
0
28528
6
72466
0
57466
763
420239
31397
62
50547
46
365642
8
821
69450
7578
80
4763
13
9429
34366
747
6
173
0
284249
73403
4
78188
0
34
471114
6
670400
9949
0
68
203894
84926
9
8028
97192
1
92
79
8
92757
16
9
746574
8755
998779
5
70366
64
791
953
3
2
0
9
0
973
15
772
7998
132267
61638
189
34
45
0
6238
92257
249
946714
33
452070
79897
7725
85677
45649
901
581896
0
7763
504043
3487
5
4
4
586138
15228
6413
5015
3
6469
8739
9
650
7409
14
76924
281472
6
36
2584
7
8
80822
0
43028
35331
740
0
608
701559
163151
2
96
2578
6644
0
64387
67
414
83
3068
31055
2774
0
0
836
0
810
83874
0
0
629078
69
0
45
5
4
57
234717
1622
0
619373
5612
46885
395397
463
83
73
24
7
4
3
48594
11
895199
8756
15097
47
99410
10
0
0
277321
0
6
880794
0
24
814264
196
7254
3
1
0
167821
62
0
0
215
97332
4
70
75
0
377
353
11
11
4
47062
43522
6848
426
96
262428
306
94
8
0
17548
7474
0
889217
622119
7690
8
6802
7545
14200
1
559
226386
72
3268
0
1
5
45664
812189
26
834
83
3183
6778
41398
346
7
289834
297036
208990
0
9
146
885036
819483
271279
967
18
295815
0
9
4765
1292
83629
199
0
8685
6
173619
0
381
8679
47
4409
9
28192
335276
2
0
986
2056
459
8859
85
364024
81
49806
9
4507
793
0
564073
4
63469
68
640919
37
6077
183355
13
46
0
70
0
303
1
69
8526
9
1142
9
0
90
7598
667
404339
0
8
5978
9
0
933
12524
29132
635
2
0
97
2963
0
3
0
0
768
0
9
6
510
5920
0
3932
11
13
3700
249183
72920
4
796288
170
24
0
95059
151
0
23
0
47
7714
288033
6858
5
57
2604
2
1095
0
646046
0
0
0
0
6653
4870
764
0
733
836
4
0
0
96
6082
0
1
70
28836
234
7
6305
86
35
101
43366
17
16721
365
97311
449
0
53077
375
821
517
0
42
1236
7083
16
960051
65123
0
20
0
150
891445
22
437
0
8243
5676
8
87
449964
6424
450
0
0
92
0
399
0
756706
26822
2
944
7
0
748680
62
7
411
3422
249
2
11160
549
333323
44813
278
203711
2009
27585
0
627643
827082
9
768
965
82
7900
29291
639332
0
40
910092
93264
445234
44
2694
69576
0
0
4
17
271523
0
0
9882
8
0
637989
16946
6164
0
69
0
2479
479
538285
3
727
36075
35764
19
0
4
9
96038
96560
18674
1256
521
286416
2
9607
27994
878
6
5
0
0
0
433
63277
6035
18921
7431
4327
9
1078
80
822
93572
53
330
4
0
3
604785
795281
9533
964
0
2825
54
780
140
0
642811
24015
13
2103
3976
0
8014
33
52391
104495
35
8
760
634235
9628
137791
2
72093
8143
0
5
0
4896
4
35
30176
85
5
0
8514
0
25
636
0
0
8
518
37491
494
52864
1998
19
0
5634
87
396
46675
7031
0
811151
9133
592730
0
9
7875
36301
61986
224219
67
337168
95
14282
267036
0
4322
270
86254
2
59
9
9
9
7
58076
696371
56685
643
232001
4
38
13388
0
23
737
5
0
0
58418
6932
257148
95483
24399
6
35
295144
214026
10205
5031
42
0
0
39
78994
8
28
22
8745
0
60
0
95736
5
0
813745
0
85805
5
69
78649
0
22980
4
9
31
465041
468184
187932
9256
21
5
422
0
56
468
29
95773
4
0
5303
93
239143
9757
936
0
88
26856
435
386
0
630
319559
3716
5
2560
261
9988
47
4349
0
11667
852931
0
57
418317
2391
37800
64
53
2
68868
64
0
2398
0
1550
34723
71160
748466
0
2
350
316263
0
4263
74
77275
2
6622
0
84
2316
406414
5785
3
3809
0
45136
831141
139835
0
41
96
0
0
0
56874
8745
0
10
3
25547
8912
771
8987
2
7
0
501
5
0
53105
0
0
913907
467329
8
306192
0
0
409
3956
54
0
40253
6494
282
866
8
5542
0
3822
818
2179
231574
0
414
5
0
351
4
0
83904
1047
0
726401
25
915
0
70
999267
1015
7204
8
9
18
0
0
3
5
71398
59572
668324
369
0
51991
7
266
252
0
663
172460
0
798
66
88735
118167
807916
558793
5234
913
4360
8587
12
8
3
842
0
0
0
751884
5591
5259
39
0
3
226905
2
246
26239
6
9617
74
4333
0
60
2
388
1
0
0
33527
22
8477
937
815393
8397
405
892727
4
9440
0
909634
7
11
428052
449
26172
49
56581
28
0
0
94763
74282
0
5448
6
8386
6179
13
942
4486
5
42
0
916440
3
20538
8756
0
546006
7
6931
0
0
817926
8009
81
31025
176854
998
7497
176915
97
50
0
56
714651
27008
486617
854
54863
38
887
8879
682
63206
97
26487
89220
18
0
3
165074
39738
10428
20456
4737
699
4
35688
66
69
0
364635
496
3
932279
828638
74889
879
6097
80
5
6
204107
273171
63
211737
80
78991
0
2
82
1
85
3859
2544
453
41999
1
854
7238
871486
0
19
385
84578
50
9
322183
672902
36698
86367
273964
650593
19751
5720
32
0
887874
57
528
5
5132
3
0
1
0
348
903164
4945
738
761
233558
186
25
0
0
9856
78322
19
99209
0
8356
0
51
9
8
1108
123
0
513840
972319
614
0
854
93343
888
7944
630451
1937
0
3
4
5870
2
513
836
3
9
379
0
1
2855
791802
7
8
0
191
77
0
23
694
44
17
6
0
7037
7
0
0
34
0
9408
88
0
199
46
2539
5814
12
7
989
710
802575
0
5
755943
707
836695
28
8935
0
7
946897
529
87
869716
9503
0
87
2
792199
254554
86266
5488
36695
1602
9
341074
3
59755
7
998321
279
194
6
0
274
1646
98
0
874
44
0
18
650
12634
0
8084
0
0
18018
194
190649
0
799768
3958
333628
4
76
643971
73915
48835
282
457
21
414
7211
88
528
67699
28360
84569
516
233
8579
6
4554
87
9
634
57
9
86
7865
0
86
71416
74178
11804
1
9
70
45
0
0
5584
24985
53596
4683
1409
324137
5216
6454
0
0
539780
538
74
51
765312
0
981658
49
99816
0
70244
663
4
9
34626
0
74
4025
333
8
80
47
18616
35584
22443
89959
76143
1875
42
631946
61964
1
157750
604
0
470
1
704
9
65330
126
85
139378
78920
9
20
469161
9917
217
4
86562
1590
94
46
7
99
0
5090
1891
14380
621570
2
505
4
37
675649
0
48118
18
578
281
7
75
1
79
0
0
8
8
0
130
0
11798
7837
36
140
606
1
46745
2908
37128
71840
833948
205
236640
88091
9
87075
84
19479
139957
53361
2655
0
810
7
865535
1
686
77
80
6
520249
532
41
6238
1
42213
57704
2
854
739
75
93670
2
40
3231
8079
2935
809
64
0
2232
75045
785027
1
0
53
492
5
384899
17
4571
132724
92809
73082
5
0
9
74431
159
220
47
848
288064
32401
7
4
7
3485
6
0
247688
8318
29154
9
7630
4
33
62
5431
0
11
895
83
91943
394
0
92248
520
0
3
19171
610
4
11
41
0
0
4
1
90701
61253
8916
96
55610
698
196508
57
4496
1
0
0
320
340556
237250
0
889
4
3
280617
94091
526
0
55958
346
566118
5247
8
207495
931424
84319
3
122318
713
774
29456
5
29
289071
0
0
0
3
7502
83544
0
9
63927
0
169
95
97
64
94741
768944
6
0
87
58058
753349
254
0
789
917661
31
0
876
802972
6793
44203
370
71
279
42808
9220
358104
295
7305
5180
6
22894
0
809259
8154
570
778618
0
340
207
78
2
3548
571977
278
8
0
905453
253883
0
0
0
9857
12
82
998748
23551
837733
6
47691
3472
57
28
0
172917
245
13
0
123172
66866
0
7
0
9799
3417
185
1333
971037
850550
33271
7752
71
1509
0
2820
724
3
3709
874904
0
568
6542
38306
473
0
0
501
137
75
1704
0
6952
5791
50
0
4785
0
0
0
8
6975
400
1858
193
635181
250
0
86107
0
6093
2622
1109
0
603259
8165
33
8
808465
0
853511
99
1483
26
38
394
9128
221
61738
760
90
0
0
9
6981
2751
366
58915
56
0
71
40
4
81368
4568
25
59
1
5
82
4
761009
2627
68288
9452
7723
568
0
9
0
8
5
5
7083
319
7016
31208
0
3545
0
568
7
0
80
3
44508
1011
3
41
290
851313
431958
1832
176641
73461
13
46
20
177495
0
594
8388
91860
58
607989
198
0
37
8
4
7
69554
9386
56401
7
0
1
5725
78783
992400
33
78
2221
43
0
52046
138065
1
0
16
6
7442
22437
401
0
7
5825
44
76265
0
341
53370
0
492507
8
426252
8
0
0
112
761
4
12311
59727
47
880
60
8334
8
12
75359
76839
89
4440
90096
521805
474
4
5055
68630
91
129
4
75
90307
0
3510
6
402
4
2436
479
76531
361
0
196722
9
158
486190
65666
7164
801355
830
6050
3700
8
51
86
54
6089
902249
641
603442
7
193456
940
344370
43525
19
1253
5468
312417
149
59132
0
96
9229
564
3624
0
76952
3
129703
53
22
7
99
2
140
59
71868
7799
79812
54
877010
30
209662
387
6
2
4
169316
0
59
411
86
34238
9
984130
1804
0
0
2905
497726
951200
150
34
90
20377
68007
0
0
46159
86165
718
11713
294
8
0
0
79
491561
9
6
9546
464369
0
2109
0
4
2
0
96
95
3
9
55000
96224
8740
0
927182
4201
48100
398937
7
0
6
0
913
99667
86
7220
0
80
0
913602
0
54863
355754
50
472243
0
3061
567217
23401
2841
89
3
7
7
85
90169
5
0
1589
297
6
0
234534
7
289
61
17459
69249
0
2395
15
0
2
0
964
2991
2
590899
61778
0
7
3
158
3611
0
0
53
480
1452
95110
625
0
6034
543687
3
67
4805
269081
9
8615
100
36610
798
723
2020
0
78026
37
10800
38544
230
1852
7
84
924
0
201
31
54353
0
31
0
84
920987
602221
740897
6534
226813
419
9616
7
69
79613
25736
1492
0
0
9
0
18
1
0
0
71
1
88
787041
149
60
1490
7749
820307
1
94814
27799
4783
15033
8
0
0
3
2048
6
0
617389
4
0
42
3
25
3
1527
202
713
9
86
0
0
32
53
12
2916
6
2873
875087
64586
889095
587
24
5236
17
517166
39
845
8
217
683767
12
0
4335
0
0
1050
19
4
836085
0
607
0
3
0
792046
1390
6707
0
92406
2523
4
140
414197
371
503830
981475
2085
1
882
1105
214178
61
74208
4
85
439313
1
0
7228
70
91097
6
4274
0
328
56205
47
515274
0
3
0
66594
0
995
6
53202
9728
122
4020
62
8357
0
0
0
41486
1666
529
814
5377
0
65627
16
0
445204
30149
563
0
4
0
6
0
4410
62038
47
0
91692
0
218
0
296151
326212
8
37903
300454
63
4
713705
3263
82393
810571
210455
965
409
581
2079
646412
70
0
41782
0
7
32
91
0
387035
0
2425
8
361
4
666
3585
70955
3
52
9360
13
283333
7108
5990
58
109805
31315
1973
899
0
3245
76
625
5
52
84
0
3
4430
27
7373
941
5
309
0
6467
2
224
78
113803
0
8824
39
86245
97
1349
1754
89373
0
340
542
7
18
0
53212
8339
174
573
0
516251
7169
27915
274910
817
36
207373
1
8
18
4
267830
681
144
227759
1
90
5
58
43922
0
847
6
25260
534
9
223395
40690
0
639
932
0
236
0
710806
1
3873
1597
22736
74
6078
80
97
39979
12
1
559
8
0
114749
98361
73
14
4886
712240
447
234504
0
991515
72817
119022
67577
0
68382
0
286
96
825708
8368
79
71883
24323
836176
9906
4001
904995
143
7
966338
0
33
62779
32660
91
0
2192
866054
42634
0
68
0
47
21289
543
39298
45
273
726
95489
54594
8379
6
75856
78835
0
513
73558
119
393536
568
3534
256660
469954
70
419721
3242
0
99340
0
45420
92123
47
0
124210
51
0
670
0
8
1
680
86
8172
629
104
0
2592
0
5018
4
823
5
85482
135502
540330
405041
0
0
4
506179
6742
59810
89669
5523
87
0
0
309
0
286294
0
2859
2092
0
0
9335
22
1801
942228
990
724
4451
3600
125
0
11871
166356
0
3
0
9461
392284
25446
890
0
95
6
548356
47938
22
7354
926
8
0
778710
22833
0
93
68
8
98
4470
928
72
56077
414
596
676747
46720
498977
892208
0
2083
786
7359
24710
0
5312
7
779
25199
0
2
938810
57
542039
6769
974761
56651
5
111
2
0
0
0
527
4
8
0
0
6198
5
9
92
0
32
0
84200
0
425336
67320
828
4
434
475
8633
81
0
0
0
847
7
3129
121
306588
3445
0
57
6
56620
894100
0
0
4
1220
3
22772
138492
7542
31775
8
836603
3
673787
91271
74
40
741
746
844
5612
6170
75066
7
13
3
847041
559
18359
8734
21
9472
283730
812
1099
93
56
5
0
8657
0
363750
860499
0
1
7
914090
6988
0
1
4
78539
0
219
9
281563
54127
8
8
0
567
805
63466
4
0
541764
3014
0
920804
5
95120
640
43214
0
9795
4
810754
1662
2716
0
0
22461
53422
515060
0
0
75
7
9941
0
771
8
6
9
4089
36
984
5144
2635
100741
34
591937
71858
96499
1132
57130
9
64
273506
2706
0
992
6143
735
894924
856166
613025
0
4511
478011
0
0
643
9270
187
2584
0
9290
9
52
11
0
49
547
0
369579
0
3653
0
983
3203
8523
7
56
891
0
8923
13
391
898068
2429
74123
3917
784447
947
13
97
95
3106
235
0
8
47
6
50486
7750
4728
94149
0
49247
837
0
22675
8
0
7139
692
8
3956
0
802331
42
90
4608
7622
7908
677694
3
9438
7
86098
29691
0
30
4
604
3
0
323
0
579
0
18
21115
7
258919
89
81347
0
33
7
27
7
19302
20
215
31
835352
32853
12567
124546
911832
58
62416
2
161656
6995
290
239478
960
5641
9368
252449
99795
0
76595
219611
0
63
6
71
3329
8963
2
6190
803979
80
30820
16
58388
0
297219
0
136478
39124
22659
709341
21
301
95327
76
1
877681
82445
4
0
185
415997
356852
5
694
39
1088
1647
1321
51
326242
3
19
705496
615253
0
86800
3501
717917
662
280
61
78167
76
0
9487
75
977
445
702597
901
0
806
8586
0
58
506485
898
379
822
350
0
266
470
611
9
3
35712
0
2
681264
2172
8
0
3348
58
579
0
86703
3686
0
0
0
0
63051
2910
28
682760
0
0
862
491
9
4331
0
232551
995117
87
0
213
51881
0
95629
303
8
0
95678
98767
99508
942
25125
6
569902
4696
87426
53163
87
4
1365
86
0
62
395
56624
710501
2
0
252
7
90905
5
43876
6
7701
0
83004
0
0
7
748
2
58
557
6
98995
12802
0
97158
766
4
770439
5891
0
8669
3162
862
90
612
9
6333
880
596636
430677
1977
0
821344
42847
0
7
708
25833
162
9
5897
934
8
39069
3160
873897
0
476
99987
4
3
91
876
463240
59
93008
292
0
97882
74608
818
9486
15686
1637
49
40516
0
2710
16
6138
22339
27
25
34638
90
4538
16843
728
18134
249549
364207
0
6
4642
9
17410
12
5974
628
476729
3923
30
96011
68
482
9670
0
0
933
0
970061
38956
61748
77
467
7293
0
36094
0
6035
0
8311
20468
64
271
356
0
286
23111
962218
4427
2233
477401
980
0
7
0
6379
970641
89486
0
7579
125766
0
73940
0
985686
50
84713
7937
905392
711874
0
4
71
0
93
398
6
0
94433
3932
0
57
337595
71
3
4629
395306
6
176
572
124
3330
14459
534
67
3545
15
672261
9149
9338
559
7
6106
89513
60316
88
0
89
27372
5
80837
7599
296700
224
5764
93
247
0
8151
593
789
0
141
7047
363
61
2
1
0
16
0
4
4
97991
690
365855
5566
527
2
656
0
913
0
0
4806
77950
2
56
9134
31833
265
29819
0
42283
24539
929807
310
953
6761
6
226996
13260
50
0
112765
65
8777
62
773400
382915
912
985
574
12390
652943
276
43217
0
103
50752
92257
0
41157
38123
52381
145298
16376
5647
977
1489
815
9539
77700
2245
239570
9140
78
235755
403180
905514
9535
2
0
6
2226
2
21
0
47
0
9958
3
6595
3372
420148
8026
404
9333
12527
66
5463
7
9366
6582
26
0
0
699636
5
203
61
96
2934
3403
26
0
7
0
93020
464
42725
9
887966
7
91
627
956
55
0
312326
858516
0
0
970946
83
8
76485
8839
342234
0
7
0
76836
369
9
49308
1
953
3
70
32642
46510
61537
873439
572
41
35
22
18811
137272
1
30
5
9955
9
2
78862
288613
847254
2
91
0
473
88
940
872
7
962370
416
625
7726
197
45
278481
0
117191
0
0
585283
0
0
5387
546
4447
5
0
2637
78
60
95
58500
34662
486648
9759
3
523483
49
71
7
523
9
90
35
1304
524
529953
4
59987
544297
312387
81
67845
0
2
3
748
473281
0
538956
99276
56038
50
0
0
395
3
436
0
0
3038
69
45
187
8337
825586
0
72176
6
0
0
0
95437
72908
9
207
280587
7019
74559
5783
15
765221
2990
4561
7
8
8156
5
4
7730
96157
9
8879
7934
52
189886
0
437
0
1393
0
0
3
843012
4666
913266
0
8757
109
40
4601
597
24494
452192
97387
0
0
95
9910
15564
69585
25940
68678
0
20
7
0
408276
90
952024
466048
0
59
3
985229
61250
2810
518631
968
0
73
18
418
25971
198
60972
211493
0
21
0
4941
21335
6
3299
1
331369
5
715872
69
821192
653065
629718
54933
49
0
714102
42738
2967
32898
9300
0
451643
6
79522
64
79
71382
74758
5999
1754
5314
0
47547
0
3
319864
0
28199
543
43
84
9
53
23
2
370799
366
56672
11
0
42237
0
7
0
85
17
66
926267
42
0
22
72930
33256
820
585
0
7637
0
941831
101931
5436
897
24
6446
3
1
950437
92797
121066
23191
0
7
35245
209
0
953154
839
778527
505417
88
0
50315
680
675130
2
1691
97415
839716
8780
3
9
9686
2580
37662
0
51
442
7
4440
710
845271
531
300
0
69124
3476
1
4
0
5
0
406018
27506
64046
4861
8
373241
0
292
446
4
25235
890255
54
0
49
3693
0
0
66
8
0
542130
78
10
9
0
830
0
0
62129
9
0
709707
39
797
919
4069
351115
138
6900
4
5
33335
36
2
0
13
150425
51637
0
55
70
613849
8075
82
7
356639
0
543259
7577
53355
908566
88
696462
5272
2
98287
3
27
2928
40479
818
81
3875
77404
74
98
0
504348
277382
1805
0
66
0
31
830
963744
15
869685
69
8
11322
0
0
84560
6
87099
0
0
18
0
8
120822
8
597155
9704
209
738
18466
0
29
2
353
8682
7554
756
409
66008
0
6883
124576
0
6
290
0
746269
7
88665
11
69176
980864
92300
4
445
35941
3658
6055
60609
77349
0
756157
590
7
170
549241
0
8798
0
9325
9390
333933
2682
2
9211
40794
753
29
785027
85
176732
848109
0
3
6815
879
59
6
58
198
490
10
90
1166
2185
0
0
2461
29
4
0
4
536301
71056
2922
774193
495773
8
46409
8
62
7
464033
0
1
7
381
7
0
19
138
229
94
32889
0
18
769493
66
251289
422620
7003
15259
90
93
82110
47788
660
875881
120
5
0
0
7
23
77394
820
345
69035
611987
276924
629
432966
17310
52919
59822
89480
2
368633
9
1098
2
0
8
62953
2728
99
66252
458143
773
13
2
192449
98
0
810510
4546
63182
20294
0
255
45
34
8
4
33991
5
1
5183
8
59224
11
965208
0
628803
0
52
9
64
4
97366
5317
650
74663
0
2123
8
769188
869197
0
83
4006
9190
5
2188
88137
919
7896
988
0
25
442060
2688
9
925656
98214
11
84975
0
0
43336
991
0
335459
30671
11136
0
5435
7
943
424848
593096
9
88
689
85
6841
8
81
172460
30
100955
4
3
31
58
0
789819
995
90
6
33
398083
718161
39
8
37
2
7854
437177
773918
826
568
247
7
579
76601
8664
335
30109
7
6389
0
3
66234
2200
1
9194
4
0
74
8
0
8826
0
47
45
1
293
60
45829
0
43
41
248
0
738273
450
0
28
5
43
75
83
416272
283
11
293862
677510
13745
9
653
3520
59556
59
628131
5
6393
33320
52
884
91
9
263
941
19879
9116
5296
290
0
241
37
0
842
444
0
4
0
403
27
326
98782
26316
7604
284
0
28888
41209
259773
726
858
0
751
152867
5755
6
961821
175603
5047
708
0
991
5382
4358
7975
0
88274
5442
6
138
6
375804
0
71
0
517868
52531
0
31
572435
33
14
3532
0
998
7171
289
393292
66039
838
475
113284
391033
1228
0
0
5
45
63869
849147
559
9
552720
3
1402
0
94116
201178
552
71721
0
0
300607
730
638
536027
2307
216162
119785
54219
0
1
77065
26908
89
231
110
0
2298
402
78432
48
9
11908
179
289
63689
274208
16034
58580
343
43891
934
873
183
19
3
0
550187
581682
4514
53
25
698
8380
2013
8
0
904
88
0
995
89
6
993
798
187
27649
0
95278
0
947
378978
4289
5387
0
5306
40
372081
4
560
2
1
32206
98828
38465
624
435
0
1633
88451
7373
683
66646
3381
0
9
0
0
7375
889706
7
8456
60518
635
493942
521
2
3817
731406
964445
182744
36
1386
657795
37882
0
7330
57
9970
477614
599
559465
178
58339
722
7822
42857
8
9431
385
1318
977
0
20612
20139
593
9
6411
845
2781
45
63
4633
569
6934
80
66
1
73827
645130
4
12
258217
939
292
0
387
2
0
0
2
345561
4
95400
1
3
14
2294
0
1
359
0
7
7
0
274
84
9
6
400616
894
2
70
11969
19
533890
0
6841
27
0
0
0
8465
2257
32
65
8
949
167
23133
7
832697
61
0
609546
1141
774
8420
0
960
271
498
19
4099
3
20
969328
3
3886
967192
51799
889
0
79
34943
160954
5
0
0
0
0
9
0
9238
95
149571
9756
857
105746
0
14233
51
187
602
0
5
0
598
635
9060
465
626
72
0
0
359
961943
785973
3
28348
480
87
47395
4967
17
1
203
637562
0
0
588
93401
0
129
0
379863
709219
497268
6
35431
74974
0
728263
4
1214
651234
74
22940
3657
23545
0
0
3
0
9
633747
6299
8955
7109
37
8315
980956
0
680
49531
0
2
995
41022
84
66048
742
37009
754081
216
738639
58
5627
16
754
742
144260
0
18204
8
5480
454
84
8055
795
31
90
315
4
0
0
82
0
9
116
23282
0
2238
44700
0
568468
14
2733
82277
0
93752
787194
77364
6471
93
71
168340
475936
8
1006
5092
0
343
26
870143
6
4
83541
0
48
938138
90
6711
87
317
378
8542
156
29514
3485
820
275765
1951
68
641071
0
473952
6819
6
5
3
887691
477
7234
64488
3
364085
5741
53517
95
738090
7
7
3
0
95208
0
26
331
526
95
7552
0
0
5930
29
263
4
6
0
63
0
64
181676
2275
7705
552629
1
1
469
2783
0
1
8
8854
6
87
1
697836
33
5
190
57
784417
9044
22888
28165
0
0
5677
56367
11
8090
4
2
46122
355327
527
905
2601
146885
0
0
0
7
449049
413
4687
0
4
535142
3193
0
156224
240
22
0
212
911
57499
5
794
304
9
762565
0
8
7
2378
82998
4013
0
67406
9
825251
18
39
1991
761
60399
96459
31464
439
44
88
934
0
374370
426038
87578
0
4
605487
789208
0
7
2
898251
0
391
18155
8
795709
234
61726
7631
929
0
555
222083
8933
7401
0
63454
0
43632
6
0
585985
17151
0
8499
95248
461226
0
68
90911
715933
49427
72011
835505
49
99
4082
5
0
34559
80367
2886
0
0
9
270
4321
903
882747
44
52
33
46729
9
0
6000
4
0
0
577471
12125
73
7
0
38142
27
505142
979
2288
0
0
728
9361
302
0
6
125247
8
179
48
643
957
0
55186
7412
6908
45
292031
0
3
77
3
2281
947
779
78
79409
8768
0
946
58354
66
0
13
48271
8
785
0
275063
1151
0
640
45301
0
416943
3
0
4352
0
0
21
938
2976
0
642109
246162
2575
81579
51
910
6317
2
2
2806
257
43305
26566
39652
437
0
23
7
0
3
169652
718894
17
2641
8529
25818
86419
9
0
8
3590
5
4
848567
0
5925
874538
0
2085
552049
43385
207007
200
993469
6
7
24
0
39497
99807
74532
1
6036
5131
9401
3699
0
747
0
7176
85006
3008
31
766685
429
467
686
8
866176
0
0
30
9
2812
4270
684
0
4149
0
345896
6346
487
8733
955229
70
0
0
2176
0
9
5774
70
852717
8
268
820459
0
0
9685
0
0
86739
781640
2
37
0
9781
87603
75566
2
25397
4
340
6
6
32526
0
5561
92
86397
576860
576
837
567
907162
739555
8
89
0
1
0
3
2398
3897
23
0
45
724
3
4
7
56080
15
905
39698
6
784
2348
18
0
0
86
105
0
92132
0
0
55116
61152
0
0
517
75
558183
8468
0
93752
52
472273
269753
71
0
50581
370
63
558458
1
692281
3
17819
958
5
199
278969
4
0
11
88225
0
4
69
3
118289
8
58
2349
56
6418
367
9508
8383
314188
4896
641346
974
3726
2
8687
60206
613
175
1493
1882
63777
9545
6609
0
7
22
0
0
1
94106
51
0
7
94
624
656
4224
50
807000
81661
19
74959
524063
4359
462965
2173
768150
199
90978
0
0
3
67
59242
67995
69
599353
524857
614978
58854
659535
70644
0
1753
44
7047
46971
0
8398
8256
40
0
752861
3921
252510
7
474
0
6
327
5437
0
65
29
16641
84
0
91790
214300
81350
6234
9
754
8
83404
0
1
0
16083
9757
66954
31015
5489
14
3228
3
0
1241
69118
83
5
910
97842
6
6
572
1
931180
684224
59416
19
3
7
0
54
706045
81340
8
55861
382366
7263
967
0
0
5479
5
7437
0
22305
495712
794
218939
8174
652668
17
7
695211
89419
1
58
506607
7
640675
18036
0
8098
686605
147282
8014
49674
0
7
687
62
16
18
207
546098
35
99670
70
14
2577
0
38
0
0
7
2
0
1786
44
0
832
127842
0
14694
8804
3
5208
8
105
89
94
800
247901
885
286
8
9
0
81
506
905056
481
679464
709372
654
215216
0
232
140995
7761
2468
463
914
74
165746
21
6
109073
68
702
7
74959
