数据规模为10000的数据进行归并排序,结果为4.9284ms
0 0 0 0 0 0 0 0 0 0 0 0 0 0 0 0 0 0 0 0 
0 0 0 0 0 0 0 0 0 0 0 0 0 0 0 0 0 0 0 0 
0 0 0 0 0 0 0 0 0 0 0 0 0 0 0 0 0 0 0 0 
0 0 0 0 0 0 0 0 0 0 0 0 0 0 0 0 0 0 0 0 
0 0 0 0 0 0 0 0 0 0 0 0 0 0 0 0 0 0 0 0 
0 0 0 0 0 0 0 0 0 0 0 0 0 0 0 0 0 0 0 0 
0 0 0 0 0 0 0 0 0 0 0 0 0 0 0 0 0 0 0 0 
0 0 0 0 0 0 0 0 0 0 0 0 0 0 0 0 0 0 0 0 
0 0 0 0 0 0 0 0 0 0 0 0 0 0 0 0 0 0 0 0 
0 0 0 0 0 0 0 0 0 0 0 0 0 0 0 0 0 0 0 0 
0 0 0 0 0 0 0 0 0 0 0 0 0 0 0 0 0 0 0 0 
0 0 0 0 0 0 0 0 0 0 0 0 0 0 0 0 0 0 0 0 
0 0 0 0 0 0 0 0 0 0 0 0 0 0 0 0 0 0 0 0 
0 0 0 0 0 0 0 0 0 0 0 0 0 0 0 0 0 0 0 0 
0 0 0 0 0 0 0 0 0 0 0 0 0 0 0 0 0 0 0 0 
0 0 0 0 0 0 0 0 0 0 0 0 0 0 0 0 0 0 0 0 
0 0 0 0 0 0 0 0 0 0 0 0 0 0 0 0 0 0 0 0 
0 0 0 0 0 0 0 0 0 0 0 0 0 0 0 0 0 0 0 0 
0 0 0 0 0 0 0 0 0 0 0 0 0 0 0 0 0 0 0 0 
0 0 0 0 0 0 0 0 0 0 0 0 0 0 0 0 0 0 0 0 
0 0 0 0 0 0 0 0 0 0 0 0 0 0 0 0 0 0 0 0 
0 0 0 0 0 0 0 0 0 0 0 0 0 0 0 0 0 0 0 0 
0 0 0 0 0 0 0 0 0 0 0 0 0 0 0 0 0 0 0 0 
0 0 0 0 0 0 0 0 0 0 0 0 0 0 0 0 0 0 0 0 
0 0 0 0 0 0 0 0 0 0 0 0 0 0 0 0 0 0 0 0 
0 0 0 0 0 0 0 0 0 0 0 0 0 0 0 0 0 0 0 0 
0 0 0 0 0 0 0 0 0 0 0 0 0 0 0 0 0 0 0 0 
0 0 0 0 0 0 0 0 0 0 0 0 0 0 0 0 0 0 0 0 
0 0 0 0 0 0 0 0 0 0 0 0 0 0 0 0 0 0 0 0 
0 0 0 0 0 0 0 0 0 0 0 0 0 0 0 0 0 0 0 0 
0 0 0 0 0 0 0 0 0 0 0 0 0 0 0 0 0 0 0 0 
0 0 0 0 0 0 0 0 0 0 0 0 0 0 0 0 0 0 0 0 
0 0 0 0 0 0 0 0 0 0 0 0 0 0 0 0 0 0 0 0 
0 0 0 0 0 0 0 0 0 0 0 0 0 0 0 0 0 0 0 0 
0 0 0 0 0 0 0 0 0 0 0 0 0 0 0 0 0 0 0 0 
0 0 0 0 0 0 0 0 0 0 0 0 0 0 0 0 0 0 0 0 
0 0 0 0 0 0 0 0 0 0 0 0 0 0 0 0 0 0 0 0 
0 0 0 0 0 0 0 0 0 0 0 0 0 0 0 0 0 0 0 0 
0 0 0 0 0 0 0 0 0 0 0 0 0 0 0 0 0 0 0 0 
0 0 0 0 0 0 0 0 0 0 0 0 0 0 0 0 0 0 0 0 
0 0 0 0 0 0 0 0 0 0 0 0 0 0 0 0 0 0 0 0 
0 0 0 0 0 0 0 0 0 0 0 0 0 0 0 0 0 0 0 0 
0 0 0 0 0 0 0 0 0 0 0 0 0 0 0 0 0 0 0 0 
0 0 0 0 0 0 0 0 0 0 0 0 0 0 0 0 0 0 0 0 
0 0 0 0 0 0 0 0 0 0 0 0 0 0 0 0 0 0 0 0 
0 0 0 0 0 0 0 0 0 0 0 0 0 0 0 0 0 0 0 0 
0 0 0 0 0 0 0 0 0 0 0 0 0 0 0 0 0 0 0 0 
0 0 0 0 0 0 0 0 0 0 0 0 0 0 0 0 0 0 0 0 
0 0 0 0 0 0 0 0 0 0 0 0 0 0 0 0 0 0 0 0 
0 0 0 0 0 0 0 0 0 0 0 0 0 0 0 0 0 0 0 0 
0 0 0 0 0 0 0 0 0 0 0 0 0 0 0 0 0 0 0 0 
0 0 0 0 0 0 0 0 0 0 0 0 0 0 0 0 0 0 0 0 
0 0 0 0 0 0 0 0 0 0 0 0 0 0 0 0 0 0 0 0 
0 0 0 0 0 0 0 0 0 0 0 0 0 0 0 0 0 0 0 0 
0 0 0 0 0 0 0 0 0 0 0 0 0 0 0 0 0 0 0 0 
0 0 0 0 0 0 0 0 0 0 0 0 0 0 0 0 0 0 0 0 
0 0 0 0 0 0 0 0 0 0 0 0 0 0 0 0 0 0 0 0 
0 0 0 0 0 0 0 0 0 0 0 0 0 0 0 0 0 0 0 0 
0 0 0 0 0 0 0 0 0 0 0 0 0 0 0 0 0 0 0 0 
0 0 0 0 0 0 0 0 0 0 0 0 0 0 0 0 0 0 0 0 
0 0 0 0 0 0 0 0 0 0 0 0 0 0 0 0 0 0 0 0 
0 0 0 0 0 0 0 0 0 0 0 0 0 0 0 0 0 0 0 0 
0 0 0 0 0 0 0 0 0 0 0 0 0 0 0 0 0 0 0 0 
0 0 0 0 0 0 0 0 0 0 0 0 0 0 0 0 0 0 0 0 
0 0 0 0 0 0 0 0 0 0 0 0 0 0 0 0 0 0 0 0 
0 0 0 0 0 0 0 0 0 0 0 0 0 0 0 0 0 0 0 0 
0 0 0 0 0 0 0 0 0 0 0 0 0 0 0 0 0 0 0 0 
0 0 0 0 0 0 0 0 0 0 0 0 0 0 0 0 0 0 0 0 
0 0 0 0 0 0 0 0 0 0 0 0 0 0 0 0 0 0 0 0 
0 0 0 0 0 0 0 0 0 0 0 0 0 0 0 0 0 0 0 0 
0 0 0 0 0 0 0 0 0 0 0 0 0 0 0 0 0 0 0 0 
0 0 0 0 0 0 0 0 0 0 0 0 0 0 0 0 0 0 0 0 
0 0 0 0 0 0 0 0 0 0 0 0 0 0 0 0 0 0 0 0 
0 0 0 0 0 0 0 0 0 0 0 0 0 0 0 0 0 0 0 0 
0 0 0 0 0 0 0 0 0 0 0 0 0 0 0 0 0 0 0 0 
0 0 0 0 0 0 0 0 0 0 0 0 0 0 0 0 0 0 0 0 
0 0 0 0 0 0 0 0 0 0 0 0 0 0 0 0 0 0 0 0 
0 0 0 0 0 0 0 0 0 0 0 0 0 0 0 0 0 0 0 0 
0 0 0 0 0 0 0 0 0 0 0 0 0 0 0 0 0 0 0 0 
0 0 0 0 0 0 0 0 0 0 0 0 0 0 0 0 1 1 1 1 
1 1 1 1 1 1 1 1 1 1 1 1 1 1 1 1 1 1 1 1 
1 1 1 1 1 1 1 1 1 1 1 1 1 1 1 1 1 1 1 1 
1 1 1 1 1 1 1 1 1 1 1 1 1 1 1 1 1 1 1 1 
1 1 1 1 1 1 1 1 1 1 1 1 1 1 1 1 1 1 1 1 
1 1 1 1 1 1 1 1 1 1 1 1 1 1 1 1 1 1 1 1 
1 1 1 1 1 1 1 1 1 1 1 1 1 1 1 1 1 1 1 1 
1 1 1 1 1 1 1 1 1 1 1 1 1 1 1 1 1 2 2 2 
2 2 2 2 2 2 2 2 2 2 2 2 2 2 2 2 2 2 2 2 
2 2 2 2 2 2 2 2 2 2 2 2 2 2 2 2 2 2 2 2 
2 2 2 2 2 2 2 2 2 2 2 2 2 2 2 2 2 2 2 2 
2 2 2 2 2 2 2 2 2 2 2 2 2 2 2 2 2 2 2 2 
2 2 2 2 2 2 2 2 2 2 2 2 2 2 2 2 2 2 2 2 
2 2 2 2 2 2 2 2 2 2 2 2 2 2 2 2 2 2 2 2 
2 2 2 2 2 2 2 2 2 2 2 2 2 2 2 2 2 2 2 2 
2 2 2 2 2 3 3 3 3 3 3 3 3 3 3 3 3 3 3 3 
3 3 3 3 3 3 3 3 3 3 3 3 3 3 3 3 3 3 3 3 
3 3 3 3 3 3 3 3 3 3 3 3 3 3 3 3 3 3 3 3 
3 3 3 3 3 3 3 3 3 3 3 3 3 3 3 3 3 3 3 3 
3 3 3 3 3 3 3 3 3 3 3 3 3 3 3 3 3 3 3 3 
3 3 3 3 3 3 3 3 3 3 3 3 3 3 3 3 3 3 3 3 
3 3 3 3 3 3 3 3 3 3 3 3 3 3 3 3 3 3 3 3 
3 3 3 3 3 3 3 3 3 3 3 3 3 3 3 3 3 3 3 3 
3 3 4 4 4 4 4 4 4 4 4 4 4 4 4 4 4 4 4 4 
4 4 4 4 4 4 4 4 4 4 4 4 4 4 4 4 4 4 4 4 
4 4 4 4 4 4 4 4 4 4 4 4 4 4 4 4 4 4 4 4 
4 4 4 4 4 4 4 4 4 4 4 4 4 4 4 4 4 4 4 4 
4 4 4 4 4 4 4 4 4 4 4 4 4 4 4 4 4 4 4 4 
4 4 4 4 4 4 4 4 4 4 4 4 4 4 4 4 4 4 4 4 
4 4 4 4 4 4 4 4 4 4 4 4 4 4 4 4 4 4 4 4 
4 4 4 4 4 4 4 4 4 4 4 4 4 4 4 4 4 4 4 4 
4 4 4 4 4 4 4 4 4 4 4 4 4 4 4 4 4 4 4 4 
4 4 4 4 4 4 5 5 5 5 5 5 5 5 5 5 5 5 5 5 
5 5 5 5 5 5 5 5 5 5 5 5 5 5 5 5 5 5 5 5 
5 5 5 5 5 5 5 5 5 5 5 5 5 5 5 5 5 5 5 5 
5 5 5 5 5 5 5 5 5 5 5 5 5 5 5 5 5 5 5 5 
5 5 5 5 5 5 5 5 5 5 5 5 5 5 5 5 5 5 5 5 
5 5 5 5 5 5 5 5 5 5 5 5 5 5 5 5 5 5 5 5 
5 5 5 5 5 5 5 5 5 5 5 5 5 5 5 5 5 5 5 5 
5 5 5 5 5 5 5 5 5 5 5 6 6 6 6 6 6 6 6 6 
6 6 6 6 6 6 6 6 6 6 6 6 6 6 6 6 6 6 6 6 
6 6 6 6 6 6 6 6 6 6 6 6 6 6 6 6 6 6 6 6 
6 6 6 6 6 6 6 6 6 6 6 6 6 6 6 6 6 6 6 6 
6 6 6 6 6 6 6 6 6 6 6 6 6 6 6 6 6 6 6 6 
6 6 6 6 6 6 6 6 6 6 6 6 6 6 6 6 6 6 6 6 
6 6 6 6 6 6 6 6 6 6 6 6 6 6 6 6 6 6 6 6 
6 6 6 6 6 6 6 6 6 6 6 6 6 6 6 6 7 7 7 7 
7 7 7 7 7 7 7 7 7 7 7 7 7 7 7 7 7 7 7 7 
7 7 7 7 7 7 7 7 7 7 7 7 7 7 7 7 7 7 7 7 
7 7 7 7 7 7 7 7 7 7 7 7 7 7 7 7 7 7 7 7 
7 7 7 7 7 7 7 7 7 7 7 7 7 7 7 7 7 7 7 7 
7 7 7 7 7 7 7 7 7 7 7 7 7 7 7 7 7 7 7 7 
7 7 7 7 7 7 7 7 7 7 7 7 7 7 7 7 7 7 7 7 
7 7 7 7 7 7 7 7 7 7 7 7 7 7 7 7 7 7 7 7 
7 7 7 7 7 7 7 7 7 7 7 7 7 7 7 7 7 7 7 7 
7 7 7 7 7 7 7 7 7 7 8 8 8 8 8 8 8 8 8 8 
8 8 8 8 8 8 8 8 8 8 8 8 8 8 8 8 8 8 8 8 
8 8 8 8 8 8 8 8 8 8 8 8 8 8 8 8 8 8 8 8 
8 8 8 8 8 8 8 8 8 8 8 8 8 8 8 8 8 8 8 8 
8 8 8 8 8 8 8 8 8 8 8 8 8 8 8 8 8 8 8 8 
8 8 8 8 8 8 8 8 8 8 8 8 8 8 8 8 8 8 8 8 
8 8 8 8 8 8 8 8 8 8 8 8 8 8 8 8 8 8 8 8 
8 8 8 8 8 8 8 8 8 8 8 8 8 8 8 8 8 8 8 8 
8 8 8 8 9 9 9 9 9 9 9 9 9 9 9 9 9 9 9 9 
9 9 9 9 9 9 9 9 9 9 9 9 9 9 9 9 9 9 9 9 
9 9 9 9 9 9 9 9 9 9 9 9 9 9 9 9 9 9 9 9 
9 9 9 9 9 9 9 9 9 9 9 9 9 9 9 9 9 9 9 9 
9 9 9 9 9 9 9 9 9 9 9 9 9 9 9 9 9 9 9 9 
9 9 9 9 9 9 9 9 9 9 9 9 9 9 9 9 9 9 9 9 
9 9 9 9 9 9 9 9 9 9 9 9 9 9 9 9 9 9 9 9 
9 9 9 9 9 9 9 9 9 9 9 9 9 9 9 9 9 9 9 9 
9 9 9 9 9 9 9 9 9 9 9 9 9 9 9 9 9 9 9 10 
10 10 10 10 10 10 10 10 10 10 11 11 11 11 11 11 11 11 11 11 
11 11 11 11 11 11 11 11 11 11 11 11 11 11 12 12 12 12 12 12 
12 12 12 12 12 12 12 12 12 12 12 12 12 12 13 13 13 13 13 13 
13 13 13 13 13 13 13 13 13 13 13 13 13 13 13 13 13 13 14 14 
14 14 14 14 14 14 14 14 14 14 15 15 15 15 15 15 15 15 15 15 
15 15 15 16 16 16 16 16 16 16 16 16 16 16 16 16 17 17 17 17 
17 17 17 17 17 17 17 17 17 17 17 17 17 18 18 18 18 18 18 18 
18 18 18 18 18 18 18 18 18 18 18 18 18 18 18 18 19 19 19 19 
19 19 19 19 19 19 19 19 19 19 19 19 19 19 19 19 19 20 20 20 
20 20 20 20 20 20 20 20 20 20 20 20 20 21 21 21 21 21 21 21 
21 21 21 21 22 22 22 22 22 22 22 22 22 22 22 22 22 22 22 23 
23 23 23 23 23 23 23 23 23 23 23 23 23 23 23 24 24 24 24 24 
24 24 24 24 24 24 24 24 24 24 24 24 25 25 25 25 25 25 25 25 
25 25 25 25 25 25 25 25 26 26 26 26 26 26 26 26 26 26 26 26 
26 26 26 26 27 27 27 27 27 27 27 27 27 27 27 27 28 28 28 28 
28 28 28 28 28 28 28 28 28 28 28 28 29 29 29 29 29 29 29 29 
29 29 29 29 29 29 30 30 30 30 30 30 30 30 30 30 30 30 30 30 
30 31 31 31 31 31 31 31 31 31 31 31 31 31 31 31 32 32 32 32 
32 32 32 32 32 32 33 33 33 33 33 33 33 33 33 33 33 33 33 33 
33 33 33 33 34 34 34 34 34 34 34 34 34 34 34 34 34 35 35 35 
35 35 35 35 35 35 35 35 35 35 36 36 36 36 36 36 36 36 36 36 
36 36 36 36 37 37 37 37 37 37 37 37 37 37 37 37 37 37 37 37 
37 37 37 37 38 38 38 38 38 38 38 38 38 38 38 38 38 38 39 39 
39 39 39 39 39 39 39 39 39 39 39 39 39 39 39 39 40 40 40 40 
40 40 40 40 40 40 40 40 41 41 41 41 41 41 41 41 41 41 41 41 
41 41 41 41 41 41 41 41 41 42 42 42 42 42 42 42 42 42 42 42 
42 42 42 42 43 43 43 43 43 43 43 43 43 44 44 44 44 44 44 44 
44 44 44 44 44 44 44 45 45 45 45 45 45 45 45 45 45 45 45 45 
45 45 45 45 45 45 45 45 46 46 46 46 46 46 46 46 46 46 47 47 
47 47 47 47 47 47 47 47 47 47 47 47 47 47 47 47 48 48 48 48 
48 48 48 48 48 48 49 49 49 49 49 49 49 49 49 49 49 49 49 49 
49 49 49 50 50 50 50 50 50 50 50 50 50 50 50 50 50 50 50 50 
50 50 50 50 51 51 51 51 51 51 51 51 51 51 51 51 51 51 51 51 
51 52 52 52 52 52 52 52 52 52 52 52 52 52 52 53 53 53 53 53 
53 53 53 53 53 53 53 53 53 53 53 54 54 54 54 54 54 54 54 54 
54 54 54 54 54 54 55 55 55 55 55 55 55 55 55 55 55 55 55 55 
56 56 56 56 56 56 56 56 56 56 56 56 56 57 57 57 57 57 57 57 
57 57 57 57 57 57 57 57 57 58 58 58 58 58 58 58 58 58 58 58 
58 58 58 58 58 58 58 58 58 58 59 59 59 59 59 59 59 59 59 59 
59 59 59 59 60 60 60 60 60 60 60 60 60 60 60 60 61 61 61 61 
61 61 61 61 61 61 61 61 61 62 62 62 62 62 62 62 62 62 62 62 
62 62 62 62 62 62 62 62 62 62 62 62 62 63 63 63 63 63 63 63 
63 63 63 63 63 63 63 63 64 64 64 64 64 64 64 64 64 64 64 64 
64 64 64 64 64 64 64 64 65 65 65 65 65 65 65 65 66 66 66 66 
66 66 66 66 66 66 66 66 66 66 66 66 66 66 67 67 67 67 67 67 
67 67 67 67 67 67 67 68 68 68 68 68 68 68 68 68 68 68 68 68 
68 68 69 69 69 69 69 69 69 69 69 69 69 69 69 69 69 69 69 69 
69 69 69 69 69 69 69 69 70 70 70 70 70 70 70 70 70 70 70 70 
70 70 70 70 70 70 70 70 70 70 70 71 71 71 71 71 71 71 71 71 
71 71 71 71 71 71 71 71 71 71 72 72 72 72 72 72 72 72 72 72 
73 73 73 73 73 73 73 73 73 73 73 73 73 74 74 74 74 74 74 74 
74 74 74 74 74 74 74 74 74 74 74 74 74 74 74 74 75 75 75 75 
75 75 75 75 75 75 75 75 75 75 75 75 76 76 76 76 76 76 76 76 
76 76 77 77 77 77 77 77 77 77 77 77 77 77 77 77 77 78 78 78 
78 78 78 78 78 78 78 78 78 78 79 79 79 79 79 79 79 79 79 79 
79 79 80 80 80 80 80 80 80 80 80 80 80 80 80 80 80 80 80 80 
80 80 80 81 81 81 81 81 81 81 81 81 81 81 81 81 81 81 81 81 
82 82 82 82 82 82 82 82 82 82 83 83 83 83 83 83 83 83 83 83 
83 83 83 83 83 83 83 83 84 84 84 84 84 84 84 84 84 84 84 84 
84 84 84 84 84 84 84 85 85 85 85 85 85 85 85 85 85 85 85 85 
85 85 85 85 86 86 86 86 86 86 86 86 86 86 86 86 86 86 86 86 
86 86 86 87 87 87 87 87 87 87 87 87 87 87 87 87 87 87 87 87 
87 87 87 87 88 88 88 88 88 88 88 88 88 88 88 88 88 88 88 88 
89 89 89 89 89 89 89 89 89 89 89 89 89 89 89 90 90 90 90 90 
90 90 90 90 90 90 90 90 90 90 90 90 90 90 90 90 90 91 91 91 
91 91 91 91 91 91 91 91 92 92 92 92 92 92 92 92 93 93 93 93 
93 93 93 93 93 93 93 93 93 94 94 94 94 94 94 94 94 94 95 95 
95 95 95 95 95 95 95 95 95 95 95 95 95 95 96 96 96 96 96 96 
96 96 96 96 96 96 96 96 96 96 96 96 96 97 97 97 97 97 97 97 
97 97 97 97 97 97 97 98 98 98 98 98 98 98 98 98 98 98 98 98 
99 99 99 99 99 99 99 99 99 99 99 100 100 100 101 103 104 104 104 105 
105 106 108 108 109 110 111 111 112 112 112 116 117 118 118 119 119 120 120 121 
122 123 123 124 125 125 126 126 126 127 127 128 128 129 129 130 130 130 133 133 
134 137 137 138 138 138 139 140 140 140 140 140 141 141 142 142 143 144 146 146 
146 148 149 149 150 150 150 151 151 151 151 152 154 156 157 158 158 159 159 159 
160 160 161 162 162 163 163 164 165 167 169 170 170 170 170 171 172 172 172 173 
174 175 175 176 178 178 179 179 179 181 181 181 183 183 184 185 185 186 187 187 
187 187 187 189 190 191 193 194 194 194 195 196 196 196 196 197 198 198 198 199 
199 199 199 199 199 200 200 201 201 202 202 202 203 203 203 203 205 206 207 207 
207 207 207 207 209 209 209 212 213 215 215 215 216 216 217 217 218 218 219 220 
221 222 222 222 223 224 224 225 227 228 229 229 229 230 231 232 232 233 233 234 
234 235 235 235 236 236 238 239 239 240 241 242 244 244 245 246 247 247 248 249 
249 249 249 250 250 251 251 252 252 254 255 256 257 257 259 260 261 261 263 263 
265 265 265 266 266 268 268 270 270 271 271 271 271 271 273 273 273 274 274 274 
275 276 277 278 278 278 279 279 279 279 280 281 281 281 282 282 282 283 283 284 
285 286 286 286 287 288 289 289 289 289 290 290 290 290 292 292 292 292 293 294 
294 294 295 297 297 298 298 299 300 301 301 302 303 303 303 304 304 304 306 307 
308 308 309 309 310 310 310 311 311 311 313 314 315 315 316 316 316 317 318 319 
320 322 322 322 323 324 325 326 326 327 328 328 329 330 331 331 332 333 335 335 
335 337 337 340 340 340 340 340 341 341 342 343 343 343 345 346 346 347 347 348 
348 348 348 350 350 350 350 351 352 352 353 353 353 354 356 356 356 356 359 359 
360 361 361 361 363 364 364 364 365 366 366 366 367 367 368 369 369 369 370 370 
371 372 372 373 375 376 377 378 378 379 379 379 380 381 381 385 385 385 386 387 
387 388 389 389 390 391 391 391 392 393 394 394 394 395 395 395 396 396 396 398 
398 399 399 400 401 402 402 402 402 403 403 404 404 404 405 405 406 406 406 406 
407 407 408 409 409 409 410 411 411 411 413 413 414 414 414 414 414 416 417 417 
418 418 418 419 422 423 424 424 426 427 429 431 431 433 434 434 435 435 435 435 
435 436 437 437 437 439 442 442 444 444 445 445 445 445 445 446 447 447 447 449 
449 450 450 451 452 453 453 454 456 457 459 460 463 463 463 464 464 464 465 465 
467 467 467 468 468 469 469 469 470 470 471 472 472 473 473 474 474 474 475 475 
475 476 477 479 479 479 480 480 480 481 481 482 482 483 483 484 484 485 486 486 
486 487 487 487 487 489 490 490 491 491 491 492 492 493 494 494 494 495 495 496 
498 499 501 501 502 505 505 506 506 507 509 510 510 510 510 513 513 515 515 516 
516 517 517 517 518 518 520 520 521 521 521 523 524 524 524 526 526 526 527 527 
527 528 528 528 529 529 529 531 531 532 532 534 534 534 536 537 538 538 541 542 
542 543 543 544 545 546 546 547 547 547 548 549 551 552 552 553 553 554 554 555 
555 557 559 559 559 559 559 559 559 559 560 561 561 563 564 565 565 567 567 568 
568 568 568 568 568 569 570 570 572 572 572 573 573 573 574 575 575 576 577 578 
578 579 579 579 580 581 581 581 583 583 584 584 585 585 587 587 588 588 588 589 
590 591 593 593 594 595 596 597 598 599 600 601 601 601 602 603 603 604 604 606 
607 608 609 609 610 610 611 612 612 612 613 613 613 613 614 614 615 616 618 619 
622 623 624 624 624 625 625 625 626 627 628 628 629 629 629 630 630 631 634 635 
635 635 635 636 636 637 637 637 637 638 639 640 640 640 641 641 641 643 643 643 
643 643 645 645 647 650 650 650 653 654 656 656 656 657 658 659 659 660 660 660 
662 662 662 662 663 663 663 664 664 666 666 667 667 668 669 669 670 670 670 672 
674 674 675 676 676 677 679 680 680 680 681 682 682 683 683 684 685 686 686 687 
688 689 689 690 691 692 693 694 694 694 697 698 698 699 699 700 701 701 702 704 
704 704 704 707 708 708 708 710 710 711 712 713 713 713 714 715 717 718 718 720 
722 722 723 724 724 724 724 725 726 726 727 727 727 728 728 728 728 730 730 731 
732 733 733 734 734 735 737 737 738 738 738 738 739 740 740 741 741 742 742 742 
742 745 746 747 747 748 748 749 751 753 754 754 755 755 756 756 756 756 758 758 
759 759 760 760 760 761 761 761 761 762 762 763 763 764 764 764 765 766 766 767 
768 768 769 770 771 771 771 772 773 773 774 774 774 774 775 775 777 779 779 779 
780 781 782 783 783 783 784 785 786 786 788 789 789 789 790 791 793 793 794 794 
794 794 795 795 796 797 798 798 798 799 800 804 804 804 804 805 805 806 807 809 
809 810 810 810 810 811 812 812 813 814 814 815 815 816 817 817 818 818 818 819 
820 820 820 821 821 821 821 821 822 822 822 823 825 826 827 827 828 829 829 830 
830 830 832 832 833 833 834 836 836 836 836 836 836 836 837 837 837 837 838 838 
839 839 840 842 842 842 842 844 845 845 847 847 847 848 852 854 854 854 854 854 
855 856 856 857 857 858 858 859 861 861 862 862 863 863 866 866 867 867 870 872 
872 873 873 874 874 874 876 876 876 877 878 879 879 879 880 880 880 880 881 882 
882 882 883 883 884 885 885 886 887 887 888 889 889 889 890 891 891 893 893 894 
894 894 894 895 895 897 897 897 898 899 901 901 901 903 904 904 904 904 905 905 
905 910 910 911 911 912 912 913 913 913 913 913 913 914 915 915 915 916 917 919 
919 919 919 924 925 926 927 927 928 928 929 932 932 933 933 934 934 934 934 934 
936 937 938 939 939 940 940 941 941 941 942 942 943 944 944 944 946 946 946 947 
947 947 947 949 949 949 949 951 953 953 953 955 956 956 957 958 960 960 963 964 
964 964 965 965 965 966 967 967 967 968 972 973 973 974 977 977 977 978 978 979 
979 980 980 983 983 983 984 984 985 985 986 987 988 989 990 990 991 991 991 992 
992 992 992 992 993 993 993 995 995 995 995 996 996 996 998 998 999 1006 1008 1011 
1012 1015 1020 1024 1026 1040 1044 1047 1050 1077 1078 1081 1088 1095 1098 1099 1105 1105 1108 1109 
1114 1120 1121 1122 1127 1132 1139 1141 1142 1142 1151 1155 1161 1166 1166 1176 1178 1190 1202 1207 
1214 1220 1221 1228 1232 1232 1236 1241 1245 1253 1256 1280 1292 1294 1304 1312 1318 1321 1323 1333 
1349 1355 1360 1364 1365 1373 1376 1386 1390 1393 1394 1402 1405 1406 1409 1435 1437 1446 1452 1470 
1475 1483 1488 1489 1490 1490 1492 1493 1506 1507 1509 1517 1521 1525 1527 1527 1550 1562 1580 1589 
1589 1589 1590 1597 1602 1622 1624 1633 1636 1637 1645 1646 1647 1647 1648 1650 1657 1662 1666 1691 
1704 1708 1715 1749 1752 1753 1754 1754 1765 1771 1782 1786 1789 1795 1801 1804 1805 1811 1817 1821 
1823 1828 1832 1836 1839 1852 1852 1858 1864 1864 1866 1875 1882 1891 1897 1906 1909 1910 1911 1911 
1916 1921 1932 1937 1943 1949 1951 1955 1956 1968 1973 1977 1977 1983 1989 1991 1997 1998 2002 2003 
2009 2013 2013 2014 2020 2025 2027 2036 2041 2046 2048 2056 2056 2071 2078 2079 2083 2085 2085 2091 
2092 2103 2109 2123 2132 2141 2159 2164 2172 2173 2175 2176 2179 2185 2187 2188 2192 2200 2209 2211 
2219 2221 2224 2226 2232 2233 2233 2238 2245 2248 2257 2270 2274 2275 2281 2282 2283 2288 2294 2294 
2298 2307 2316 2326 2328 2330 2347 2348 2348 2349 2353 2359 2375 2378 2380 2381 2391 2395 2398 2398 
2425 2429 2436 2447 2461 2468 2472 2475 2479 2490 2500 2513 2513 2523 2539 2544 2548 2560 2571 2572 
2575 2577 2578 2580 2584 2584 2592 2600 2601 2604 2612 2622 2627 2635 2637 2641 2645 2647 2649 2655 
2663 2667 2667 2682 2688 2692 2694 2697 2706 2710 2716 2728 2733 2735 2750 2751 2757 2774 2777 2781 
2783 2783 2791 2806 2808 2810 2812 2820 2825 2826 2841 2855 2859 2861 2864 2873 2874 2886 2891 2893 
2897 2899 2903 2905 2908 2910 2914 2916 2922 2928 2930 2934 2935 2937 2951 2952 2954 2963 2967 2976 
2980 2987 2988 2990 2991 3008 3008 3014 3029 3030 3038 3039 3041 3056 3056 3059 3061 3068 3070 3073 
3077 3082 3106 3129 3143 3147 3156 3160 3162 3164 3175 3183 3193 3199 3203 3209 3210 3228 3231 3236 
3240 3241 3242 3245 3250 3263 3268 3277 3289 3299 3302 3305 3320 3327 3329 3330 3342 3342 3348 3353 
3372 3372 3381 3381 3390 3403 3405 3408 3416 3417 3422 3445 3465 3472 3472 3473 3476 3479 3485 3485 
3487 3491 3501 3510 3520 3532 3534 3540 3544 3545 3545 3548 3569 3570 3582 3585 3587 3590 3594 3600 
3606 3611 3622 3624 3651 3653 3657 3658 3661 3667 3674 3686 3692 3693 3699 3700 3700 3701 3702 3705 
3708 3709 3710 3716 3726 3729 3729 3733 3740 3743 3743 3747 3782 3794 3794 3807 3809 3813 3817 3822 
3834 3834 3844 3859 3861 3873 3873 3875 3884 3886 3889 3891 3897 3917 3921 3923 3932 3932 3939 3952 
3956 3956 3958 3961 3962 3970 3972 3976 3980 3989 4001 4006 4006 4008 4013 4016 4020 4025 4069 4082 
4086 4089 4097 4099 4099 4104 4117 4149 4172 4186 4189 4191 4201 4212 4224 4225 4228 4263 4270 4274 
4289 4290 4293 4294 4316 4321 4322 4322 4323 4327 4331 4331 4333 4335 4338 4346 4349 4352 4358 4359 
4360 4379 4380 4387 4390 4396 4402 4409 4410 4423 4427 4430 4440 4440 4440 4447 4451 4470 4477 4479 
4486 4496 4500 4501 4507 4511 4514 4518 4519 4534 4538 4539 4541 4542 4546 4554 4556 4560 4561 4568 
4571 4571 4573 4599 4601 4608 4621 4629 4630 4631 4633 4640 4642 4666 4683 4684 4687 4696 4710 4716 
4723 4728 4737 4748 4752 4757 4758 4763 4765 4779 4783 4785 4789 4797 4800 4802 4805 4806 4831 4841 
4843 4852 4855 4860 4861 4870 4877 4886 4894 4896 4896 4898 4907 4909 4924 4925 4931 4941 4942 4945 
4959 4967 4987 5001 5015 5018 5021 5023 5031 5033 5047 5055 5083 5086 5090 5092 5097 5102 5130 5131 
5132 5134 5144 5180 5183 5185 5205 5208 5216 5234 5236 5246 5247 5259 5272 5287 5290 5296 5303 5306 
5309 5310 5311 5312 5314 5316 5317 5320 5324 5333 5340 5349 5349 5377 5382 5387 5387 5399 5404 5415 
5420 5427 5431 5432 5435 5436 5437 5442 5445 5448 5455 5463 5468 5474 5479 5480 5488 5489 5490 5494 
5497 5502 5511 5512 5523 5526 5542 5550 5556 5561 5566 5566 5576 5580 5584 5591 5612 5612 5619 5621 
5627 5634 5641 5644 5647 5676 5677 5677 5679 5683 5687 5716 5720 5725 5741 5749 5749 5755 5758 5764 
5767 5773 5774 5783 5783 5785 5791 5797 5798 5814 5816 5825 5829 5870 5891 5891 5897 5920 5923 5925 
5930 5931 5974 5976 5978 5985 5990 5995 5999 5999 6000 6017 6022 6034 6035 6035 6036 6049 6050 6055 
6072 6077 6078 6082 6082 6089 6091 6093 6097 6106 6138 6140 6142 6143 6164 6170 6170 6175 6179 6190 
6198 6210 6220 6229 6230 6234 6238 6238 6244 6256 6275 6276 6280 6283 6290 6299 6305 6306 6317 6333 
6337 6346 6350 6353 6379 6389 6393 6398 6402 6411 6413 6418 6424 6432 6436 6439 6442 6445 6446 6454 
6460 6461 6467 6469 6471 6476 6481 6494 6506 6511 6525 6525 6534 6537 6542 6546 6547 6566 6576 6582 
6592 6595 6602 6607 6609 6612 6622 6629 6630 6634 6644 6653 6685 6706 6707 6709 6711 6717 6722 6727 
6742 6743 6744 6745 6759 6761 6761 6764 6769 6778 6781 6782 6793 6793 6797 6798 6802 6803 6809 6813 
6815 6819 6825 6841 6841 6848 6858 6883 6900 6908 6913 6916 6926 6931 6932 6934 6947 6952 6955 6966 
6970 6975 6981 6985 6988 6995 7001 7002 7003 7010 7016 7019 7020 7025 7030 7031 7032 7037 7047 7047 
7048 7051 7052 7077 7083 7083 7090 7099 7104 7108 7109 7129 7131 7139 7141 7148 7164 7169 7171 7175 
7176 7204 7208 7211 7220 7228 7230 7234 7238 7243 7254 7263 7293 7305 7307 7310 7315 7318 7323 7330 
7346 7354 7359 7367 7373 7373 7375 7377 7393 7401 7409 7411 7412 7428 7430 7431 7433 7437 7442 7442 
7474 7486 7487 7497 7502 7513 7520 7542 7545 7545 7552 7554 7556 7556 7560 7576 7577 7578 7578 7579 
7588 7596 7598 7599 7604 7622 7630 7631 7631 7635 7637 7655 7678 7688 7690 7691 7701 7705 7714 7718 
7723 7725 7726 7730 7735 7740 7740 7748 7748 7749 7750 7752 7754 7761 7761 7763 7765 7778 7799 7805 
7822 7829 7830 7837 7843 7845 7854 7865 7873 7875 7876 7884 7896 7900 7908 7923 7934 7937 7937 7944 
7945 7949 7952 7975 7979 7998 7999 8009 8014 8014 8018 8026 8028 8035 8043 8055 8057 8069 8075 8079 
8084 8090 8098 8098 8120 8128 8143 8151 8154 8154 8156 8156 8165 8172 8174 8199 8223 8232 8243 8256 
8259 8285 8285 8287 8291 8311 8313 8315 8318 8324 8325 8328 8334 8337 8338 8339 8351 8354 8355 8355 
8356 8357 8368 8378 8379 8380 8383 8386 8388 8397 8398 8398 8404 8420 8435 8435 8450 8456 8465 8468 
8470 8475 8477 8477 8481 8488 8496 8499 8514 8523 8526 8529 8540 8542 8544 8551 8575 8579 8584 8586 
8587 8594 8608 8608 8610 8615 8633 8633 8657 8664 8669 8671 8673 8679 8682 8685 8687 8710 8713 8716 
8727 8733 8734 8734 8736 8739 8740 8740 8745 8745 8749 8755 8756 8756 8757 8761 8768 8775 8777 8780 
8783 8786 8790 8798 8802 8804 8816 8824 8826 8829 8839 8848 8849 8854 8859 8879 8879 8882 8883 8884 
8893 8901 8905 8912 8914 8916 8920 8923 8930 8933 8935 8940 8955 8957 8961 8963 8967 8987 8993 9009 
9019 9021 9044 9054 9060 9085 9094 9116 9124 9125 9128 9133 9134 9138 9140 9149 9151 9151 9168 9172 
9173 9175 9188 9190 9194 9204 9211 9215 9220 9221 9229 9235 9238 9249 9256 9267 9270 9276 9290 9293 
9300 9309 9322 9325 9328 9329 9333 9335 9338 9349 9353 9354 9360 9361 9366 9368 9376 9378 9381 9386 
9390 9393 9394 9401 9408 9410 9429 9431 9438 9438 9440 9441 9452 9461 9466 9471 9472 9486 9487 9487 
9488 9501 9501 9502 9503 9507 9508 9526 9533 9535 9538 9539 9545 9546 9571 9576 9587 9601 9607 9608 
9616 9617 9620 9628 9654 9658 9659 9663 9670 9670 9675 9685 9686 9692 9696 9704 9726 9726 9728 9731 
9734 9736 9741 9745 9756 9757 9757 9759 9770 9775 9776 9777 9781 9795 9796 9799 9830 9832 9856 9857 
9864 9882 9885 9901 9902 9906 9907 9909 9910 9913 9917 9920 9931 9933 9941 9949 9955 9958 9961 9964 
9966 9970 9988 10202 10205 10293 10342 10428 10498 10650 10785 10800 10843 10937 10968 11029 11136 11136 11160 11218 
11221 11246 11322 11560 11667 11713 11798 11804 11819 11871 11908 11914 11969 12039 12060 12091 12125 12222 12283 12311 
12390 12482 12521 12524 12527 12567 12634 12747 12802 13031 13229 13260 13388 13550 13663 13745 13858 13861 13913 13916 
13962 13986 14200 14233 14282 14340 14380 14459 14477 14529 14679 14694 14712 14783 14807 14941 15018 15033 15097 15228 
15259 15442 15485 15564 15686 15985 16034 16083 16217 16348 16376 16641 16641 16721 16760 16843 16885 16910 16937 16946 
17081 17151 17212 17273 17310 17334 17410 17416 17459 17548 17606 17722 17819 17831 17841 17981 18005 18012 18018 18036 
18073 18134 18155 18204 18204 18231 18359 18439 18466 18585 18616 18674 18811 18921 18961 19171 19302 19360 19479 19751 
19867 19879 19901 19928 20078 20139 20236 20294 20325 20374 20377 20456 20468 20538 20590 20612 20636 20743 21115 21161 
21289 21335 21442 21488 21820 22037 22305 22339 22357 22437 22443 22461 22528 22659 22675 22708 22736 22772 22779 22833 
22888 22894 22916 22940 22980 23014 23111 23126 23133 23184 23191 23227 23282 23401 23545 23551 23746 23792 23981 24015 
24140 24323 24399 24411 24433 24478 24494 24539 24683 24710 24759 24869 24985 25125 25150 25199 25235 25238 25260 25269 
25397 25446 25547 25614 25736 25818 25833 25940 25949 25971 26044 26047 26078 26172 26239 26316 26487 26566 26749 26822 
26828 26856 26908 26972 27008 27143 27228 27372 27420 27506 27585 27610 27649 27668 27726 27729 27799 27869 27893 27915 
27994 28165 28192 28199 28260 28348 28360 28403 28473 28528 28540 28574 28644 28696 28785 28794 28836 28888 28949 29035 
29132 29154 29197 29291 29361 29377 29456 29493 29514 29523 29691 29776 29789 29819 29944 29963 30109 30149 30176 30222 
30286 30564 30671 30759 30820 30857 30912 31006 31015 31022 31025 31025 31037 31055 31189 31208 31315 31376 31397 31421 
31464 31498 31775 31833 31928 31943 32206 32215 32242 32267 32401 32422 32456 32526 32642 32660 32755 32761 32853 32889 
32898 32932 33008 33124 33231 33256 33271 33320 33335 33417 33521 33527 33692 33869 33887 33930 33951 33960 33991 34018 
34238 34244 34363 34366 34559 34565 34592 34626 34638 34662 34699 34723 34803 34861 34928 34928 34943 34986 35245 35261 
35267 35331 35431 35538 35566 35584 35688 35697 35712 35764 35877 35941 36075 36094 36146 36301 36310 36371 36411 36610 
36695 36698 36756 36774 36899 36973 37009 37128 37131 37147 37354 37491 37491 37629 37662 37800 37882 37903 37940 38074 
38123 38142 38157 38306 38337 38438 38465 38514 38544 38569 38694 38715 38810 38956 38959 38978 39069 39124 39298 39353 
39497 39518 39652 39661 39692 39698 39735 39738 39887 39930 39957 39963 39979 40241 40253 40275 40379 40440 40479 40516 
40629 40690 40794 40974 41022 41157 41209 41270 41376 41398 41401 41422 41453 41486 41782 41999 42088 42213 42237 42283 
42634 42664 42725 42725 42738 42808 42847 42857 42970 43028 43049 43095 43214 43217 43305 43336 43345 43366 43385 43522 
43525 43556 43583 43632 43763 43876 43891 43891 43922 44029 44032 44145 44151 44203 44251 44373 44389 44462 44508 44700 
44813 44978 45136 45194 45301 45420 45442 45573 45634 45649 45664 45667 45765 45789 45814 45829 45844 45991 46122 46122 
46159 46241 46311 46409 46510 46586 46675 46720 46729 46745 46760 46845 46885 46971 47019 47062 47257 47395 47547 47691 
47730 47758 47788 47920 47938 47941 48100 48100 48118 48216 48228 48271 48438 48567 48594 48609 48643 48835 48854 49247 
49308 49424 49427 49470 49531 49568 49674 49806 49894 50221 50315 50340 50486 50547 50581 50639 50752 50914 50981 51002 
51106 51402 51637 51789 51799 51853 51860 51881 51884 51951 51991 52046 52095 52171 52381 52391 52415 52531 52644 52671 
52717 52781 52797 52864 52919 52925 52931 52980 53077 53105 53163 53202 53212 53355 53355 53361 53370 53422 53517 53596 
53608 53611 53621 53733 53743 53892 54127 54130 54219 54353 54356 54377 54594 54655 54805 54863 54863 54915 54933 54957 
54960 55000 55000 55116 55153 55168 55186 55296 55360 55610 55641 55668 55720 55858 55861 55876 55958 55970 56038 56053 
56077 56080 56123 56205 56352 56367 56401 56581 56620 56624 56651 56672 56685 56758 56837 56874 56935 57130 57466 57499 
57664 57704 57881 57887 58058 58076 58079 58153 58201 58339 58354 58372 58388 58388 58412 58418 58500 58580 58726 58748 
58854 58915 58922 58940 58983 59074 59132 59224 59242 59309 59382 59416 59556 59572 59584 59611 59630 59697 59727 59730 
59755 59810 59822 59929 59978 59987 60142 60206 60316 60359 60399 60518 60600 60609 60811 60921 60972 61152 61250 61253 
61268 61421 61467 61537 61638 61726 61735 61738 61748 61778 61830 61867 61964 61986 62038 62105 62129 62169 62416 62767 
62779 62953 63051 63182 63206 63234 63255 63277 63277 63307 63454 63466 63469 63509 63530 63539 63649 63670 63673 63686 
63689 63777 63835 63856 63869 63887 63927 64027 64046 64387 64488 64540 64586 65071 65123 65257 65330 65376 65398 65407 
65511 65587 65627 65633 65666 65681 65694 65773 65858 65984 65999 66008 66011 66039 66048 66121 66234 66237 66252 66451 
66594 66646 66649 66866 66954 66994 67232 67320 67406 67549 67577 67693 67699 67754 67845 67995 68007 68221 68288 68382 
68465 68590 68593 68630 68678 68868 69035 69096 69118 69118 69124 69176 69249 69273 69450 69554 69576 69585 69725 69902 
70027 70094 70146 70244 70366 70516 70531 70619 70632 70644 70937 70955 71056 71077 71160 71211 71327 71382 71398 71416 
71584 71703 71721 71813 71834 71840 71858 71868 71883 72011 72072 72072 72093 72176 72389 72417 72466 72481 72518 72624 
72649 72740 72817 72899 72908 72920 72930 73082 73403 73430 73461 73537 73558 73696 73699 73827 73903 73915 73940 74089 
74123 74153 74178 74208 74282 74330 74431 74480 74492 74495 74532 74556 74556 74559 74608 74663 74745 74758 74868 74889 
74959 74959 74974 75038 75045 75066 75142 75157 75182 75273 75359 75432 75514 75566 75707 75856 75997 76143 76174 76189 
76241 76265 76348 76445 76464 76485 76491 76531 76595 76601 76677 76686 76836 76839 76848 76876 76885 76924 76952 77004 
77065 77178 77275 77288 77349 77364 77382 77394 77404 77465 77465 77486 77663 77669 77700 77846 77849 77950 78005 78026 
78167 78188 78289 78322 78432 78478 78539 78539 78649 78658 78716 78756 78783 78798 78835 78862 78920 78991 78994 79064 
79088 79366 79400 79409 79488 79503 79522 79528 79613 79812 79866 79897 79934 80013 80196 80343 80367 80724 80822 80837 
80944 80986 81340 81347 81350 81368 81517 81579 81661 81765 81872 81948 82110 82265 82271 82277 82393 82445 82473 82512 
82522 82662 82811 82818 82891 82952 82979 82998 83004 83196 83245 83309 83330 83404 83541 83544 83565 83629 83681 83782 
83874 83904 83999 84200 84319 84420 84444 84490 84499 84524 84560 84569 84578 84713 84926 84975 85000 85006 85146 85186 
85399 85421 85421 85482 85515 85677 85677 85805 85851 85882 85906 86098 86098 86107 86165 86245 86254 86266 86278 86367 
86397 86397 86419 86458 86474 86541 86562 86703 86739 86800 86855 86950 86965 87041 87075 87099 87154 87170 87426 87484 
87578 87603 87649 87813 87984 88015 88018 88052 88091 88137 88207 88225 88225 88274 88451 88512 88567 88665 88735 88814 
88839 89007 89056 89220 89303 89358 89373 89391 89419 89480 89486 89513 89669 89919 89922 89959 89974 90096 90169 90307 
90429 90536 90560 90633 90701 90771 90774 90798 90905 90911 90978 91003 91097 91119 91219 91271 91375 91479 91494 91576 
91653 91692 91695 91790 91860 91863 91943 92123 92132 92248 92257 92257 92300 92330 92406 92471 92477 92504 92590 92727 
92757 92797 92809 92818 92928 93008 93008 93020 93020 93264 93319 93343 93346 93401 93563 93566 93566 93572 93600 93609 
93670 93731 93752 93752 93899 93966 94006 94091 94106 94106 94116 94149 94387 94433 94454 94741 94763 94814 94994 95059 
95110 95120 95193 95193 95208 95248 95278 95327 95379 95400 95437 95483 95489 95541 95593 95602 95629 95660 95678 95736 
95773 95965 96011 96038 96102 96157 96215 96224 96334 96459 96499 96560 96584 96594 96612 96630 96649 96679 96716 96752 
96823 97027 97076 97158 97192 97235 97311 97332 97366 97387 97415 97415 97497 97604 97622 97711 97842 97845 97882 97903 
97991 98184 98214 98287 98312 98361 98440 98562 98696 98733 98767 98782 98788 98828 98852 98980 98995 99029 99209 99258 
99276 99307 99340 99410 99472 99508 99530 99636 99667 99670 99703 99795 99807 99816 99987 100131 100741 100955 101931 103335 
104434 104495 105746 107333 109073 109561 109805 110385 110415 111819 112247 112338 112765 113284 113467 113803 114749 117099 117191 117313 
117893 118167 118198 118289 118533 119022 119785 120822 121036 121066 121646 122318 122714 123172 123325 123783 124210 124546 124576 125095 
125247 125766 127231 127842 129490 129581 129703 129825 130588 131900 132267 132724 133793 133823 135502 136478 136478 137272 137791 138065 
138492 139194 139378 139835 139957 140812 140995 141209 141453 143040 143589 144260 145298 146885 146885 147221 147282 147923 149571 149632 
150425 152653 152867 153508 156224 156682 157750 158940 160710 160954 161656 163151 164708 165074 165074 165746 165746 165807 166356 167821 
168218 168340 169316 169652 170781 171269 171971 172460 172460 172612 172917 173589 173619 173833 175603 176335 176641 176732 176854 176915 
177434 177495 179509 179784 181676 182256 182744 183019 183355 185216 185522 187688 187932 188634 188726 189886 190313 190649 191747 192449 
193456 193945 194982 196508 196722 197302 199957 200079 200140 200140 201178 203711 203894 204107 204565 205633 206366 207007 207373 207495 
208258 208655 208960 208990 209082 209662 210455 211493 211737 214026 214178 214300 214545 214880 215216 216040 216162 218787 218939 219519 
219611 220923 221991 222083 223395 224219 226386 226813 226905 226996 227759 227912 230079 231391 231574 231604 232001 232551 233558 233558 
234504 234534 234717 235328 235480 235755 235816 236182 236640 237250 237372 239143 239448 239478 239570 241065 242133 242591 243995 244727 
244941 245857 246162 246467 246925 247016 247688 247901 248420 249183 249549 250068 251014 251289 252418 252449 252510 253059 253334 253883 
254554 255531 255592 256630 256660 256965 257148 257240 257515 258064 258217 258919 259773 262367 262428 262947 263222 263557 263771 263801 
264870 266640 267036 267799 267830 269081 269753 271279 271523 271889 271919 272865 273171 273506 273812 273964 274208 274910 275063 275276 
275765 276039 276436 276924 277321 277382 277504 277748 277779 278481 278969 279305 280587 280617 281472 281563 282357 282387 282845 283333 
283730 284096 284249 286294 286416 288033 288064 288155 288613 289071 289834 291390 291726 291909 292031 293862 294869 295144 295175 295815 
296151 296700 297036 297219 299020 299935 300454 300607 304116 304544 304849 305887 306192 306222 306588 309183 309610 310739 312143 312326 
312387 312417 312417 312662 314035 314188 314828 315012 315317 316263 317636 319559 319864 320993 322183 322489 324137 325907 326212 326242 
327311 327616 331369 331461 333323 333628 333933 334818 335276 335459 336222 336436 337168 337229 337595 337687 338602 340556 341074 341441 
342234 343150 343974 344370 345561 345896 351054 351115 354014 354045 354777 354991 355327 355754 356639 356700 356852 357066 358104 358256 
359965 360271 361033 361217 363750 364024 364085 364207 364635 364848 365642 365855 368633 369396 369579 370464 370464 370738 370769 370799 
372081 372936 373088 373241 374370 375804 375835 378978 379558 379863 380504 382366 382915 384014 384899 386059 386394 386486 387035 387554 
387890 388134 389019 389904 391033 391277 391827 392254 392284 393292 393536 395306 395397 398083 398937 400463 400616 400738 401959 402935 
402996 403180 403729 404187 404339 405041 405743 406018 406109 406414 406781 407483 408276 409314 410260 410504 411328 413617 414197 414685 
415997 416272 416852 416943 418317 418683 419660 419721 420087 420148 420239 421491 421765 422315 422620 422986 423017 424848 424909 425336 
426038 426252 428052 428266 428785 429395 430646 430677 431958 432966 433729 434186 435010 437177 437574 439313 440412 440687 442060 442426 
442884 443494 443556 445204 445234 445295 448622 449049 449110 449324 449964 451002 451643 452070 452192 453138 454878 455519 456526 456862 
457564 457930 458143 461226 461256 462385 462416 462965 462996 463026 463240 463362 464033 464369 464522 465041 466048 467329 468184 468794 
468825 469161 469679 469954 471114 471602 472243 472273 472304 473250 473281 473555 473738 473952 475936 476393 476729 477401 477614 478011 
479567 480330 480513 481490 482314 482406 482436 483169 485763 486098 486190 486342 486617 486648 486892 491561 491805 492507 493942 494460 
495193 495712 495773 497116 497116 497268 497726 498153 498184 498977 500442 501724 501876 503830 504043 504348 505142 505417 506179 506393 
506485 506607 507980 508316 511246 512283 512436 512588 513016 513504 513534 513748 513840 513870 513962 514267 515060 515274 516251 517166 
517868 518631 519425 520249 521042 521805 521958 523087 523331 523483 523850 524063 524857 525406 525559 529282 529282 529953 530045 530594 
532181 533890 534775 535142 535294 536027 536301 537766 538285 538956 539780 540330 541764 542039 542130 543259 543687 544297 545487 546006 
546098 546555 548203 548356 549241 549668 550187 552049 552629 552720 553514 554490 554490 555467 556443 556932 558183 558458 558793 559404 
559465 559770 561113 562425 562608 563432 563921 564073 565019 565111 565355 565660 565935 566118 566667 567217 567400 567430 567949 568468 
569902 571153 571245 571977 572069 572435 572557 573320 573412 574053 574144 576006 576433 576586 576860 577471 577745 578875 579119 580156 
580706 581102 581255 581682 581682 581896 582659 584582 585009 585283 585955 585985 586138 586382 588183 590075 590227 590899 591937 592516 
592730 593096 593371 593432 595171 595721 596636 597155 599108 599108 599353 601153 602221 602465 603259 603442 603869 604174 604602 604785 
605273 605487 607989 608783 609057 609546 611987 613025 613849 614978 615253 617267 617389 618762 619373 619403 620715 621356 621570 622119 
622577 626209 627033 627277 627643 627948 628131 628803 629078 629718 630451 631855 631946 633564 633747 634235 635181 635853 636249 637043 
637562 637592 637989 637989 638569 638813 639179 639271 639332 640675 640919 640919 641071 641346 642109 642811 642933 643971 644734 645130 
645161 646046 646412 647480 650593 651234 652333 652668 652943 653065 653828 654927 655751 656025 656178 656697 657399 657795 659474 659535 
661976 662038 662373 664601 664632 665944 668324 669209 670247 670400 670400 671193 672261 672902 673268 673787 674275 675130 675649 676747 
677297 677510 677694 677816 678029 678762 679311 679403 679464 681142 681264 682760 683095 683370 683767 684224 686605 687398 688222 690176 
692281 692770 695059 695211 695547 695547 696371 696462 697836 699636 699972 700277 700674 700888 701559 702597 703207 705496 706045 709219 
709341 709372 709707 710501 710806 710867 711874 711966 712240 713126 713644 713705 714102 714651 714957 715872 715933 716299 717917 718161 
718894 722312 723349 724112 724784 726401 727317 728263 729087 731406 732657 733512 737815 738090 738273 738639 739555 740897 743369 744560 
745353 746269 746543 746574 746696 748161 748466 748680 751487 751884 752311 752861 753349 754081 755943 756157 756706 756767 758384 761009 
762565 765221 765312 765923 766594 766685 768150 768944 769188 769341 769493 770439 771111 773400 773918 774132 774193 775444 775872 776299 
777520 778527 778618 778710 778984 781640 783684 784264 784417 784447 785027 785027 785180 785973 787041 787102 787194 788048 789208 789819 
791802 792046 792168 792199 794152 795281 795709 796288 796594 796655 796960 798699 799157 799768 801355 802331 802575 802972 803338 803979 
807000 807184 807916 808130 808465 809259 809595 810510 810571 810754 811151 811487 812189 812219 812250 813653 813745 814264 815393 817926 
819483 820307 820459 820520 821192 821222 821344 824610 825251 825586 825708 827082 828638 829187 829401 829889 831141 832331 832697 833643 
833948 835322 835352 835505 836085 836176 836512 836603 836695 836848 837549 837733 838526 838984 839716 841151 843012 845271 845789 847041 
847254 847834 848109 848567 849085 849147 850459 850550 851069 851313 852717 852748 852931 853511 856166 856318 858119 858516 858577 859340 
860499 860560 861934 862880 865138 865199 865230 865535 866054 866176 868709 869014 869197 869685 869716 870143 871486 871730 873439 873470 
873897 874019 874538 874660 874904 874996 875087 875606 875850 875881 877010 877651 877681 878994 878994 879207 879360 880794 881771 882747 
885036 885647 887539 887691 887874 887966 889095 889217 889339 889706 890041 890255 891262 891445 892208 892727 894100 894924 895199 896847 
898068 898251 900814 901577 901882 902249 903164 903164 903408 904995 905056 905392 905453 905514 905789 907162 908566 909634 910092 911832 
913266 913602 913785 913907 914090 915189 915616 916043 916440 917661 918637 919431 920804 920987 921720 923978 924649 925656 926267 927182 
928952 929105 929807 930967 931180 931241 931424 932279 932523 933408 935544 937314 938138 938657 938810 938871 939512 941831 942228 943601 
943754 944120 946714 946897 947874 949339 950437 950498 950804 951200 951506 952024 953154 954557 955229 955504 956297 960051 961577 961821 
961943 962065 962218 962370 963744 963896 964445 965208 966338 966429 966460 967192 967314 969328 969512 970061 970641 970671 970946 971037 
971221 972319 973052 973296 973357 973967 974517 974761 977660 979094 979338 980407 980590 980864 980956 981200 981414 981444 981475 981658 
983031 983092 983611 984130 985229 985686 989135 989684 991515 992400 993469 994750 995117 995635 998321 998748 998779 999267 999420 999420 
